	Set.01	Set.02	Set.03	Set.04	Set.05	Set.06	Set.07	Set.08	Set.09.Distal	Set.09.Proximal	Set.10
AADACL4	0	1	0	0	0	0	0	0	0	0	0
AAR2	0	0	0	0	0	0	0	0	0	0	0
AARD	0	0	0	0	0	0	0	0	0	0	0
AARS2	0	0	0	0	0	0	0	0	0	0	0
AATK	0	0	1	0	0	0	0	0	0	0	0
ABCA1	0	0	0	0	0	0	1	0	0	0	0
ABCA13	0	0	0	1	0	0	0	0	0	0	0
ABCA2	0	0	0	1	0	0	0	0	0	0	0
ABCA3	0	0	1	0	0	0	0	0	0	0	0
ABCA6	0	0	0	1	0	0	0	0	0	0	0
ABCA7	1	0	0	0	0	0	0	0	0	0	0
ABCA8	0	0	1	0	0	0	0	0	0	0	0
ABCB10	0	0	0	0	0	0	0	0	0	0	0
ABCB11	0	0	0	0	0	0	0	0	0	0	1
ABCC1	0	0	1	0	0	0	0	0	0	0	0
ABCC12	0	0	0	1	0	0	0	0	0	0	0
ABCC6	0	0	0	1	0	0	0	0	0	0	0
ABTB2	0	0	0	1	0	0	0	0	0	0	0
ACACA	0	0	0	1	0	0	0	0	0	0	0
ACACB	0	0	0	1	0	0	0	0	0	0	0
ACAD10	0	0	1	0	0	0	0	0	0	0	0
ACADS	0	0	0	0	0	1	0	0	0	0	0
ACAN	0	0	0	0	0	0	0	0	0	0	0
ACBD5	0	0	0	1	0	0	0	0	0	0	0
ACLY	0	0	0	1	0	0	0	0	0	0	0
ACOT12	0	0	0	0	0	0	1	0	0	0	0
ACSF2	0	0	0	0	0	0	0	0	0	0	0
ACSM4	0	0	0	0	1	0	0	0	0	0	0
ACTA1	0	0	0	0	0	0	0	0	0	0	0
ACTL10	0	0	0	0	0	0	0	0	0	0	0
ACTL7A	0	0	0	0	0	0	0	0	0	0	0
ACTR5	0	0	0	1	0	0	0	0	0	0	0
ACVR1C	0	0	0	1	0	0	0	0	0	0	0
ADA	0	0	0	1	0	0	0	0	0	0	0
ADAM18	0	0	0	0	0	0	0	0	0	0	0
ADAM23	0	0	0	1	0	0	0	0	0	0	0
ADAM29	0	0	0	1	0	0	0	0	0	0	0
ADAM7	0	0	0	1	0	0	0	0	0	0	0
ADAMTS16	0	0	0	0	0	0	1	0	0	0	0
ADAMTS18	0	0	0	0	0	0	0	0	1	0	0
ADAMTS2	0	0	0	0	0	0	0	0	0	0	0
ADAMTS4	0	0	0	0	0	0	0	0	0	0	0
ADAMTS5	0	0	1	0	0	0	0	0	0	0	0
ADAMTSL1	0	0	0	1	0	0	0	0	0	0	0
ADARB2	0	0	0	1	0	0	0	0	0	0	0
ADCY4	0	0	0	0	0	0	0	0	0	0	0
ADCY5	0	0	0	1	0	0	0	0	0	0	0
ADCY7	0	0	1	0	0	0	0	0	0	0	0
ADD1	0	0	1	0	0	0	0	0	0	0	0
ADGB	0	0	0	0	0	0	0	0	0	0	0
ADRA1A	0	0	0	1	0	0	0	0	0	0	0
ADRA2C	0	0	0	0	0	0	0	0	0	0	0
ADRBK1	0	0	0	1	0	0	0	0	0	0	0
AEBP1	0	0	0	1	0	0	0	0	0	0	0
AEN	0	0	0	0	0	0	0	0	0	0	0
AFF3	0	0	1	0	0	0	0	0	0	0	0
AFTPH	0	0	0	0	0	0	0	0	0	0	0
AGAP1	0	0	0	0	0	0	0	0	0	0	0
AGAP2	0	0	0	1	0	0	0	0	0	0	0
AGO2	0	0	0	1	0	0	0	0	0	0	0
AGPAT6	0	0	0	0	0	0	0	0	0	0	0
AGXT2	0	0	0	0	0	0	0	0	1	0	0
AHI1	0	0	0	0	0	0	0	0	0	0	0
AHNAK2	0	0	0	0	0	0	0	0	0	0	0
AICDA	0	0	0	0	0	0	0	0	0	0	0
AJAP1	0	0	0	1	0	0	0	0	0	0	0
AK2	0	0	0	0	0	0	0	0	0	0	0
AK6	0	0	0	0	0	0	0	0	0	0	0
AKAP1	0	0	0	0	0	0	0	0	0	0	0
AKAP10	0	0	0	1	0	0	0	0	0	0	0
AKAP2	0	0	0	1	0	0	0	0	0	0	0
AKAP3	0	0	0	0	0	0	0	0	0	0	0
AKAP6	0	0	0	0	0	0	0	0	0	0	0
AKAP7	0	1	0	0	0	0	0	0	0	0	0
AKAP8L	0	0	0	0	0	0	0	0	0	0	0
AKAP9	0	0	0	0	0	0	0	0	0	0	0
AKR1B10	0	0	0	1	0	0	0	0	0	0	0
AKR1C4	1	0	0	0	0	0	0	0	0	0	0
ALAD	0	0	0	1	0	0	0	0	0	0	0
ALDH3A1	0	0	0	1	0	0	0	0	0	0	0
ALDH9A1	0	0	0	0	0	0	0	0	0	0	0
ALG11	0	0	0	0	0	0	0	0	1	0	0
ALKBH6	0	0	0	0	0	0	0	0	0	0	0
ALOX12B	0	0	0	1	0	0	0	0	0	0	0
ALOXE3	0	0	0	0	0	0	0	0	1	0	0
ALPK1	0	0	0	0	0	0	0	0	0	0	0
ALX4	0	0	1	0	0	0	0	0	0	0	0
AMER2	0	0	1	0	0	0	0	0	0	0	0
AMOTL1	0	0	0	0	0	0	0	0	0	0	0
AMOTL2	0	0	0	1	1	0	0	0	0	0	0
AMPD1	0	0	0	0	0	1	0	0	0	0	0
AMZ1	0	0	0	1	0	0	0	0	0	0	0
ANAPC1	0	0	0	0	0	0	0	0	0	0	0
ANAPC2	0	0	0	1	0	0	0	0	0	0	0
ANGEL1	0	0	0	1	0	0	0	0	0	0	0
ANGPT1	1	0	0	0	0	0	0	0	0	0	0
ANGPTL3	0	0	0	0	0	0	0	0	1	0	0
ANK1	0	0	1	0	0	0	0	0	0	0	0
ANK2	0	1	0	0	0	0	0	0	0	0	0
ANKLE2	0	0	0	0	0	0	0	0	0	0	0
ANKRD13B	0	0	0	1	0	0	0	0	0	0	0
ANKRD36	0	0	0	0	0	0	0	0	0	0	0
ANKRD44	0	0	0	0	0	0	0	0	0	0	1
ANKS1B	0	0	0	0	0	0	0	0	0	0	0
ANKZF1	0	0	0	0	0	0	0	0	0	0	0
ANO1	0	0	0	1	0	0	0	0	0	0	0
ANO2	0	0	0	0	0	0	0	0	0	0	0
ANO5	0	0	0	0	0	0	0	0	0	0	0
ANO7	0	0	0	1	0	0	0	0	0	0	0
ANTXR1	0	0	0	1	0	0	0	0	0	0	0
ANTXRL	0	1	0	0	0	0	0	0	0	0	0
ANXA6	0	0	0	0	0	0	0	0	0	0	0
AOC3	0	0	0	1	0	0	0	0	0	0	0
AP1G2	0	0	0	0	0	0	0	0	0	0	0
AP1S1	0	0	0	1	0	0	0	0	0	0	0
AP2A2	0	0	0	0	0	0	0	0	0	0	0
AP3B2	0	0	0	0	0	0	0	0	0	0	0
AP3D1	0	0	0	0	0	0	0	0	0	0	0
AP3S1	0	0	0	0	0	0	0	0	0	0	1
AP5Z1	0	0	0	1	0	0	0	0	0	0	0
APBA1	0	0	0	1	0	0	0	0	0	0	0
APBA2	0	0	0	1	0	0	0	0	0	0	0
APBA3	0	1	0	1	0	0	0	0	0	0	0
APC	1	1	1	0	1	1	1	0	0	0	0
APC2	0	0	0	0	0	0	0	0	0	0	0
APOA1BP	0	0	0	0	1	0	0	0	0	0	0
APOB	0	1	0	1	0	0	0	1	0	0	1
APOBEC1	1	0	0	0	0	0	0	0	0	0	0
APOBEC3G	0	0	0	0	0	0	0	0	1	0	0
APOBR	0	0	1	0	0	0	0	0	0	0	0
ARAP1	0	0	0	0	0	0	0	0	0	0	0
ARFGAP1	0	0	0	1	0	0	0	0	0	0	0
ARFGEF1	0	0	0	0	0	0	0	0	0	0	0
ARHGAP20	0	0	0	1	0	0	0	0	1	0	0
ARHGAP26	0	0	0	1	0	0	0	0	0	0	0
ARHGAP32	0	0	0	0	0	0	0	0	0	0	0
ARHGAP33	0	0	0	0	0	0	0	0	0	0	1
ARHGEF10L	0	0	0	0	0	0	0	0	0	0	0
ARHGEF11	0	0	0	1	0	0	0	0	0	0	1
ARHGEF17	0	0	0	1	0	0	0	0	0	0	0
ARHGEF18	0	1	0	0	0	0	0	0	0	0	0
ARHGEF26	0	0	0	0	0	0	0	0	0	0	0
ARHGEF28	0	0	0	0	0	0	0	0	0	0	1
ARHGEF7	0	0	0	1	0	0	0	0	0	0	0
ARID1A	0	1	0	0	0	1	0	0	0	0	0
ARID2	0	0	0	0	1	0	0	0	0	0	0
ARID3A	0	0	0	0	0	0	0	0	0	0	0
ARL6IP4	0	0	0	1	0	0	0	0	0	0	0
ARL8A	0	0	0	0	1	0	0	0	0	0	0
ARMC2	0	0	1	0	0	0	0	0	0	0	0
ARMC4	0	0	0	0	0	0	0	0	0	0	0
ARMC5	0	0	0	1	0	0	0	0	0	0	0
ARNTL	0	1	0	0	0	0	0	0	0	0	0
ARPC1A	1	0	0	0	0	0	0	0	0	0	0
ARPC5L	0	0	0	0	0	0	1	0	0	0	0
ARPP21	1	0	0	0	0	0	0	0	0	0	0
ARRDC4	0	0	0	0	0	0	0	0	0	0	0
ARSJ	0	0	0	0	0	0	0	0	0	0	0
ASB15	0	0	0	0	0	0	0	1	0	0	0
ASB2	0	0	1	0	0	0	0	0	0	0	0
ASB4	0	0	0	0	0	0	0	0	0	0	0
ASH1L	0	0	0	0	0	0	0	0	0	0	0
ASIC5	0	0	1	0	0	0	0	0	0	0	0
ASPH	0	0	0	0	0	0	0	0	0	0	0
ASPN	0	0	0	1	0	0	0	0	0	0	0
ASXL3	0	0	0	0	0	0	0	0	0	0	0
ASZ1	0	0	0	1	0	0	0	0	0	0	0
ATAD5	0	0	0	1	0	0	0	0	0	0	0
ATE1	0	0	0	0	0	1	0	0	0	0	0
ATF7IP2	0	0	0	0	0	0	0	0	0	0	0
ATG4D	0	0	0	0	0	0	0	0	0	0	1
ATG7	0	0	0	0	0	0	0	0	0	0	0
ATM	0	0	0	1	0	0	0	0	0	0	0
ATN1	0	1	0	0	0	0	0	0	0	0	0
ATP1A2	0	0	0	0	0	0	0	0	1	0	0
ATP1A3	0	0	0	0	0	0	1	0	0	0	0
ATP2B2	0	0	0	0	0	0	0	0	0	0	0
ATP2C2	0	0	0	1	0	0	0	0	0	0	0
ATP4A	0	0	0	0	0	0	0	0	0	0	0
ATP6V0B	0	1	0	0	0	0	0	0	0	0	0
ATP6V1D	0	0	0	1	0	0	0	0	0	0	0
ATP8A2	0	0	0	0	1	0	0	0	0	0	0
ATP8B2	0	0	0	1	0	0	0	0	1	0	0
ATXN1	0	1	0	0	0	0	0	0	0	0	0
ATXN7L3	0	0	0	1	0	0	0	0	0	0	0
AVL9	0	0	0	0	0	0	0	0	0	0	0
AXDND1	0	0	0	1	0	0	0	0	0	0	0
AXIN2	0	0	0	1	0	0	0	0	0	0	0
AXL	0	0	0	0	0	0	0	0	0	0	0
B3GNT5	0	0	0	0	0	0	0	0	0	0	0
B3GNT8	0	0	0	1	0	0	0	0	0	0	0
BACH2	0	0	0	1	0	0	0	0	0	0	0
BAZ2A	0	0	0	1	0	0	0	0	0	0	0
BAZ2B	0	0	0	1	0	0	0	0	0	0	1
BBS10	0	0	0	0	0	0	0	0	0	0	0
BBS2	0	0	0	1	0	0	0	0	0	0	0
BBS5	0	0	0	0	0	0	0	0	0	0	0
BCAN	0	0	0	0	0	0	0	0	0	0	0
BCAS3	0	0	0	0	0	0	0	0	0	0	1
BCR	0	0	0	0	0	0	0	0	0	0	0
BCS1L	0	0	0	0	0	0	0	0	0	0	0
BFSP2	0	0	0	0	0	0	0	0	0	0	0
BICC1	0	0	0	0	0	0	0	0	0	0	0
BIRC3	0	0	0	1	0	0	0	0	0	0	0
BIRC6	0	0	0	0	0	0	0	0	0	0	0
BIRC7	0	0	0	0	0	1	0	0	0	0	0
BLOC1S3	0	0	1	0	0	0	0	0	0	0	0
BMP1	0	0	0	0	0	0	0	0	0	0	0
BMP2K	0	0	0	0	0	0	0	0	0	0	0
BMP8A	0	0	0	0	0	0	0	0	0	0	0
BNC2	0	0	0	1	0	0	0	0	0	0	0
BNIPL	0	0	0	0	0	0	0	0	0	0	0
BOC	0	0	0	1	0	0	0	0	0	0	1
BOD1L1	0	0	0	0	0	0	1	0	0	0	0
BPIFB2	0	0	0	0	0	0	0	0	1	0	0
BRAF	0	1	0	1	0	0	0	0	0	0	0
BRCA2	0	0	0	1	0	1	0	0	0	0	0
BRINP1	0	0	0	0	0	0	0	0	0	0	0
BRINP3	0	0	0	1	0	0	0	0	0	0	0
BRSK2	0	0	1	0	0	0	0	0	0	0	0
BSDC1	0	0	0	1	0	0	0	0	0	0	0
BSPH1	0	0	0	0	0	0	0	0	0	0	0
BTBD11	0	0	0	1	0	0	0	0	0	0	0
BTBD16	0	0	0	0	0	0	0	0	0	0	0
C10orf120	0	0	0	0	0	0	0	0	0	0	0
C10orf2	0	0	0	0	0	0	0	0	0	0	0
C10orf71	0	0	1	0	0	0	0	0	0	0	0
C10orf76	0	0	0	0	0	0	0	0	0	0	0
C10orf82	0	0	0	0	0	0	0	0	0	0	0
C12orf42	0	0	0	0	0	0	0	0	0	0	0
C12orf80	0	0	0	1	0	0	0	0	0	0	0
C14orf159	0	0	0	0	0	0	0	0	0	0	0
C14orf37	0	0	0	0	0	0	0	0	0	0	1
C15orf39	0	0	0	1	0	0	0	0	0	0	0
C15orf53	0	0	0	0	0	0	0	0	0	0	0
C17orf70	0	0	0	0	0	0	0	0	0	0	0
C18orf42	0	0	0	0	0	0	0	0	0	0	0
C19orf38	0	0	0	0	0	0	0	0	0	0	0
C19orf44	0	0	0	1	0	0	0	0	0	0	0
C19orf57	0	0	0	0	0	0	0	0	0	0	0
C1orf109	0	0	0	0	0	0	0	0	0	0	0
C1orf131	0	0	0	1	0	0	0	0	0	0	0
C1orf158	0	0	0	0	0	0	0	0	1	0	0
C1orf85	0	0	0	1	0	0	0	0	0	0	0
C1QTNF7	0	0	0	0	0	0	0	0	0	0	0
C2	0	0	0	1	0	0	0	0	0	0	0
C20orf194	0	0	1	0	0	0	0	0	0	0	0
C2CD2L	0	0	0	0	0	0	0	0	0	0	0
C2orf43	0	0	0	0	0	0	0	0	0	0	0
C2orf78	0	0	0	0	0	0	0	0	0	0	0
C5orf42	0	0	0	0	0	0	0	0	1	0	0
C7orf31	0	0	0	1	0	0	0	0	0	0	0
C7orf72	0	0	0	1	0	0	0	0	0	0	0
C8A	0	0	0	0	0	0	0	0	0	0	0
C9orf172	0	0	0	0	0	0	0	0	0	0	0
C9orf3	0	0	0	1	0	0	0	0	0	0	0
CA2	0	0	0	1	0	0	0	0	0	0	0
CA6	0	0	0	0	0	0	0	0	1	0	0
CAB39L	0	0	0	0	0	0	0	0	0	0	0
CABLES1	0	0	0	0	0	0	0	0	0	0	1
CABP2	0	0	0	1	0	0	0	0	0	0	0
CACNA1B	0	0	0	0	0	0	0	0	0	0	0
CACNA1C	0	0	0	0	0	0	0	0	0	0	1
CACNA1E	0	0	0	0	0	0	0	0	1	0	0
CACNA1G	0	0	0	1	0	0	0	0	0	0	0
CACNA1I	0	0	0	0	0	0	0	0	0	0	1
CACNA1S	0	0	0	1	0	0	0	0	0	0	0
CACNA2D1	0	0	0	0	0	0	0	0	0	0	0
CACNG5	0	0	1	0	0	0	0	0	0	0	0
CACNG7	0	0	0	0	0	0	0	0	0	0	0
CAD	0	0	0	0	0	0	0	0	0	0	0
CADPS2	0	0	0	0	0	0	0	0	0	0	0
CAGE1	0	0	0	1	0	0	0	0	0	0	0
CALB1	0	0	0	0	0	0	0	0	0	0	0
CALN1	0	0	0	0	0	0	0	0	0	0	0
CAMK1	0	0	0	1	0	0	0	0	0	0	0
CAMK1G	0	0	0	0	0	0	0	0	0	0	0
CAMK2D	0	0	0	0	0	0	0	0	1	0	0
CAPN2	0	0	0	0	0	0	0	0	0	0	0
CAPN9	0	0	0	0	0	1	0	0	0	0	0
CAPSL	0	0	0	1	0	0	0	0	0	0	0
CARD16	0	0	1	0	0	0	0	0	0	0	0
CARS	0	0	0	1	0	0	0	0	0	0	0
CASD1	0	0	0	1	0	0	0	0	0	0	0
CASR	1	0	0	0	0	0	0	0	0	0	0
CASZ1	0	0	1	0	0	0	0	0	0	0	0
CBLB	0	0	0	1	0	0	0	0	0	0	0
CBR3	0	0	0	1	0	0	0	0	0	0	0
CCDC105	0	0	0	0	0	0	0	0	0	0	0
CCDC108	0	0	0	1	0	0	0	0	0	0	0
CCDC110	0	0	0	0	0	0	0	0	1	0	0
CCDC142	0	0	1	0	0	0	0	0	0	0	0
CCDC154	0	0	0	0	0	0	0	0	0	0	0
CCDC158	0	0	0	0	0	0	0	0	0	0	0
CCDC168	0	0	0	1	0	0	0	0	0	0	1
CCDC180	0	0	0	0	0	0	0	0	0	0	0
CCDC19	0	0	0	0	0	0	0	0	0	0	0
CCDC38	0	0	0	0	1	0	0	0	0	0	0
CCDC39	0	0	0	1	0	0	0	0	0	0	0
CCDC8	0	0	1	0	0	0	0	0	0	0	0
CCDC85A	1	0	1	0	0	0	0	0	0	0	0
CCDC88A	0	0	0	0	0	0	0	0	0	0	0
CCDC88C	0	0	0	1	0	0	0	0	0	0	0
CCL5	0	0	0	1	0	0	0	0	0	0	0
CCNG1	0	0	0	0	0	0	0	0	0	0	0
CCR3	0	0	0	0	0	0	0	0	0	0	0
CCR7	0	0	0	0	0	0	0	0	1	0	0
CCSER1	0	0	0	1	0	0	0	0	0	0	0
CD1A	0	0	0	0	0	0	0	0	1	0	0
CD1D	0	0	0	1	0	0	0	0	0	0	0
CD1E	0	1	0	0	0	0	0	0	0	0	0
CD226	0	0	0	0	0	0	0	0	0	0	0
CD247	0	0	0	0	0	0	0	0	0	0	0
CD3G	0	0	0	0	0	0	0	0	0	0	0
CD44	0	0	0	1	0	0	0	0	0	0	0
CD63	0	0	0	0	0	0	0	0	0	0	0
CDC20B	0	0	0	0	0	0	0	0	0	0	0
CDC25A	0	1	0	0	0	0	0	0	0	0	0
CDCA2	0	0	0	0	0	0	0	0	0	0	0
CDH18	0	0	0	0	0	0	0	0	0	0	0
CDH19	0	0	0	1	0	0	0	0	0	0	0
CDH2	0	0	0	0	0	0	0	0	0	0	1
CDH23	0	0	1	0	0	0	0	0	1	0	0
CDH3	0	0	0	1	0	0	0	0	0	0	0
CDH4	0	0	0	1	0	0	0	0	0	0	0
CDH8	0	0	0	1	0	0	0	0	0	0	0
CDH9	0	0	0	1	0	0	0	0	0	0	0
CDK14	0	0	1	0	0	0	0	0	0	0	0
CDKN1C	0	0	0	0	0	0	0	0	0	0	0
CDON	0	0	0	0	0	0	0	0	1	0	0
CDRT1	0	0	0	0	0	0	0	0	0	0	0
CDRT15L2	0	0	0	0	0	0	0	0	0	0	0
CEACAM5	0	0	0	0	0	0	0	0	0	0	0
CEBPG	0	0	0	0	0	0	0	0	0	0	0
CECR1	0	0	0	1	0	0	0	0	0	0	0
CECR2	0	0	0	0	0	0	0	0	0	0	0
CELA1	0	0	0	0	0	0	0	0	0	0	1
CELA3A	0	0	0	0	0	0	0	0	0	0	0
CELF5	0	0	0	0	0	0	1	0	0	0	0
CELSR1	1	0	0	1	0	0	0	0	0	0	0
CELSR3	0	0	0	0	0	0	0	0	0	0	0
CEMIP	0	0	0	0	0	0	0	0	0	0	0
CENPO	0	0	0	1	0	0	0	0	0	0	0
CENPT	0	0	0	1	0	0	0	0	0	0	0
CEP162	0	0	0	1	0	0	0	0	0	0	0
CEP170	0	0	0	1	0	0	0	0	0	0	0
CEP170B	0	0	0	0	1	0	0	0	0	0	0
CEP350	0	0	1	1	0	0	0	0	0	0	0
CERKL	0	0	0	1	0	0	0	0	0	0	0
CES1	0	0	0	0	0	0	0	0	0	0	0
CFH	0	1	0	0	0	0	0	0	0	0	0
CGNL1	0	0	0	1	0	0	0	0	0	0	0
CH25H	0	0	0	0	0	0	0	0	0	0	0
CHCHD3	0	0	0	0	0	0	0	1	0	0	0
CHD2	0	0	0	0	0	0	0	0	0	0	0
CHD4	0	0	0	0	0	1	0	0	0	0	0
CHD5	0	0	0	0	0	0	0	0	0	0	0
CHD7	0	0	0	1	0	0	0	0	0	0	0
CHD8	0	0	0	1	0	0	0	0	0	0	0
CHERP	0	0	0	0	0	0	0	0	0	0	0
CHMP2A	0	0	0	0	0	0	0	0	0	0	0
CHN1	0	0	0	0	0	0	1	0	0	0	0
CHRM1	0	0	0	1	0	0	0	0	0	0	0
CHRNB1	0	0	0	0	0	0	0	0	0	0	0
CHRNB2	0	0	0	0	1	0	0	0	0	0	0
CHRND	0	0	0	1	0	0	0	0	0	0	0
CHST15	0	0	0	0	0	0	0	0	0	0	0
CHST9	0	0	0	0	0	0	0	0	0	0	0
CHSY3	0	0	1	0	1	0	0	0	0	0	0
CHTF18	0	0	0	1	0	0	0	0	0	0	0
CILP	0	0	0	0	0	0	0	0	1	0	0
CILP2	0	0	0	1	0	0	0	0	0	0	0
CKM	0	0	0	0	0	0	0	0	0	0	0
CKMT1B	0	0	0	0	0	0	1	0	0	0	0
CLDN18	0	0	0	0	0	0	0	0	0	0	0
CLEC14A	0	0	0	0	1	0	0	0	0	0	0
CLEC4M	0	1	0	0	0	0	0	0	0	0	0
CLIC1	0	0	0	0	0	0	0	0	0	0	0
CLIC6	0	0	1	0	0	0	0	0	0	0	0
CLIP3	0	0	0	1	0	0	0	0	0	0	0
CLK2	0	0	0	0	0	0	0	0	0	0	0
CLMN	0	0	1	0	0	0	0	0	0	0	0
CLN8	0	0	0	0	0	0	0	0	0	0	1
CLUH	0	0	0	1	0	0	0	0	0	0	0
CLVS2	0	0	0	0	0	0	0	0	0	0	0
CMTM1	0	0	0	0	0	0	0	0	0	0	0
CMTR1	0	0	0	0	0	0	0	0	0	0	0
CMYA5	0	0	0	1	0	1	0	0	0	0	0
CNDP1	0	0	0	0	0	0	0	1	0	0	0
CNNM4	0	0	0	0	0	0	0	1	0	0	0
CNOT1	0	0	0	0	0	0	0	0	0	0	0
CNOT3	0	0	0	0	0	0	0	0	0	0	0
CNTLN	0	0	0	0	0	0	0	0	0	0	0
CNTN3	0	0	0	0	0	0	0	0	0	0	0
CNTN4	0	0	0	0	0	0	0	0	0	0	0
CNTN5	0	0	0	0	0	0	1	0	0	0	0
CNTN6	0	0	0	1	0	0	0	0	0	0	0
CNTNAP2	0	0	0	0	0	0	0	0	0	0	0
CNTNAP3	0	0	0	0	0	0	0	0	0	0	0
CNTNAP4	0	0	1	0	0	0	0	0	0	0	0
CNTROB	0	0	0	0	0	0	0	0	0	0	0
COBLL1	0	0	0	0	0	0	0	0	0	0	0
COL11A1	0	0	0	1	0	0	0	0	0	0	0
COL12A1	0	0	0	0	0	0	0	0	0	0	0
COL13A1	0	0	0	0	1	0	0	0	0	0	0
COL15A1	0	0	0	0	0	0	0	0	0	0	0
COL17A1	0	0	0	1	0	0	0	0	0	0	0
COL18A1	0	1	0	1	0	0	0	0	0	0	0
COL24A1	0	0	0	0	0	0	0	0	1	0	0
COL4A1	0	0	0	0	0	0	1	0	0	0	0
COL4A3	0	0	0	0	0	0	0	0	0	0	0
COL5A1	0	0	0	1	0	0	0	0	0	0	0
COL5A2	0	0	1	0	0	0	0	0	0	0	0
COL6A2	0	0	0	1	0	0	0	0	0	0	0
COL6A3	1	0	0	0	0	0	0	0	0	0	0
COL6A5	0	0	0	0	0	0	0	0	0	0	0
COL7A1	0	1	0	0	0	0	0	0	0	0	0
COLEC10	0	0	0	0	0	0	0	0	0	0	0
COLEC12	0	0	0	0	0	0	0	0	0	0	0
COPB2	0	0	0	0	0	0	0	0	1	0	0
COPS5	0	0	0	1	0	0	0	0	0	0	0
COPS7B	0	0	1	0	0	0	0	0	0	0	0
CPA4	0	0	0	1	0	0	0	0	0	0	0
CPA5	0	0	0	0	0	0	0	0	0	0	0
CPAMD8	0	0	1	0	0	0	0	0	0	0	0
CPEB1	0	0	0	0	0	0	0	0	0	0	1
CPNE1	0	0	1	0	0	0	0	0	0	0	0
CPNE2	0	0	0	1	0	0	0	0	0	0	0
CPO	0	0	0	0	0	0	0	0	0	0	1
CPS1	0	0	0	0	0	0	0	0	0	0	1
CR1	0	0	0	1	0	0	0	0	0	0	0
CR2	0	0	0	0	0	0	0	0	0	0	0
CRB1	0	1	0	1	0	0	0	0	0	0	0
CREG1	0	1	0	0	0	0	0	0	0	0	0
CRLF3	0	0	0	0	0	0	0	0	0	0	0
CRMP1	0	0	0	0	1	0	0	0	0	0	0
CROCC	0	0	0	0	0	0	1	0	0	0	0
CRYBG3	0	0	0	0	0	0	0	0	0	0	0
CSMD1	0	1	0	0	1	0	1	1	0	0	0
CSMD2	0	0	0	0	0	0	0	0	0	0	0
CSMD3	0	1	0	0	1	0	0	0	0	0	0
CSPG4	0	0	0	1	0	0	0	0	0	0	0
CSTF3	0	0	0	1	0	0	0	0	0	0	0
CTDP1	0	1	0	0	0	0	0	0	0	0	0
CTGF	0	0	0	1	0	0	0	0	0	0	0
CTNNA2	0	0	0	0	0	0	0	0	0	0	0
CTNND2	0	1	1	0	0	0	0	0	0	0	0
CTR9	0	0	0	1	0	0	0	0	0	0	0
CTSS	0	0	0	1	0	0	0	0	0	0	0
CTSV	0	0	0	0	0	0	0	0	0	0	0
CTTNBP2	0	0	0	1	0	0	0	0	0	0	0
CUBN	0	0	0	1	1	0	0	0	0	0	0
CUL1	0	0	0	0	0	0	0	0	0	0	0
CUL4A	0	0	0	1	0	0	0	0	0	0	0
CUX1	1	0	0	0	0	0	0	0	0	0	0
CUZD1	0	0	0	0	0	0	0	0	0	0	0
CWF19L2	0	0	0	1	0	0	0	0	0	0	0
CXXC1	0	0	0	1	0	0	0	0	0	0	0
CYP11B1	0	0	0	1	0	0	0	0	0	0	0
CYP19A1	0	0	0	0	0	0	0	0	0	0	0
CYP1B1	0	0	0	1	0	0	0	0	0	0	0
CYP24A1	0	0	0	0	0	0	0	0	0	0	0
CYP26C1	0	0	0	0	0	0	0	0	0	0	0
CYP2C8	0	0	0	0	0	0	0	0	0	0	0
CYP4F2	0	0	0	0	0	0	0	0	0	0	0
CYP4X1	0	0	0	1	0	0	0	0	0	0	0
CYSLTR2	0	0	0	0	0	0	0	0	0	0	0
CYTL1	0	0	0	0	1	0	0	0	0	0	0
D2HGDH	0	0	0	0	0	0	0	0	0	0	0
DAAM1	0	0	0	0	0	0	0	0	0	0	0
DAB2IP	0	0	0	1	0	0	0	0	0	0	0
DACT1	0	0	0	1	0	0	0	0	0	0	0
DACT3	0	0	0	1	0	0	0	0	0	0	0
DAPK1	0	0	0	0	0	0	0	0	0	0	0
DBNDD2	0	0	0	0	0	0	0	0	0	0	0
DCAF15	0	0	0	0	0	0	0	0	0	0	0
DCAF5	0	0	0	1	0	0	0	0	0	0	0
DCC	1	0	0	0	0	0	0	0	0	0	0
DCDC2	0	0	0	0	0	0	0	0	0	0	0
DCHS1	0	0	0	0	0	0	0	0	0	0	0
DCHS2	0	0	0	0	0	0	0	0	0	0	0
DCLRE1B	0	0	0	0	0	0	0	0	0	0	0
DCT	0	0	1	0	0	0	0	0	0	0	0
DDR2	0	0	0	0	0	0	0	0	0	0	1
DDX1	0	0	0	1	0	0	0	0	0	0	0
DDX42	0	0	0	1	0	0	0	0	0	0	0
DDX54	0	0	0	0	0	0	0	0	0	0	0
DDX60L	0	0	0	0	0	0	0	0	0	0	0
DEDD2	0	0	0	0	0	0	0	0	0	0	0
DEFA4	0	0	0	1	0	0	0	0	0	0	0
DENND1A	0	0	0	0	0	0	0	0	0	0	0
DENND3	0	0	0	1	0	0	0	0	0	0	0
DFNB31	0	0	0	1	0	0	0	0	0	0	0
DGCR8	0	0	0	0	0	0	0	0	0	0	0
DGKE	0	0	0	0	0	0	0	0	0	0	0
DHH	0	0	0	0	0	0	0	0	0	0	0
DHTKD1	0	0	0	0	0	0	0	0	0	0	0
DHX30	0	0	0	0	0	0	0	0	0	0	0
DHX32	0	0	0	1	0	0	0	0	0	0	0
DHX9	0	0	0	0	0	0	0	0	0	0	0
DIABLO	0	1	0	0	0	0	0	0	0	0	0
DIDO1	0	0	0	1	0	0	0	0	0	0	0
DIS3	0	0	0	0	0	0	0	0	0	0	0
DISP1	0	0	0	0	0	0	0	0	0	0	0
DKK2	0	0	0	1	0	0	0	0	0	0	0
DLG4	0	0	0	1	0	0	0	0	0	0	0
DLGAP2	0	1	0	0	0	0	0	0	0	0	0
DLGAP3	1	0	0	0	0	0	0	0	0	0	0
DLGAP4	0	0	0	0	0	0	0	0	0	0	0
DLK1	0	0	0	0	0	1	0	0	0	0	0
DLL1	0	0	0	0	0	0	0	0	0	0	1
DLX5	0	0	0	1	0	0	0	0	0	0	0
DMP1	0	0	0	1	0	0	0	0	0	0	0
DMRTC2	0	0	0	0	0	0	0	0	0	0	0
DMTF1	0	0	0	0	0	0	0	0	0	0	0
DMXL1	0	0	0	0	0	0	0	0	0	0	0
DNAAF1	0	0	0	0	0	0	0	0	0	0	0
DNAH1	0	0	0	0	0	0	0	0	0	0	0
DNAH10	0	0	0	0	0	0	0	0	0	0	0
DNAH14	0	0	0	0	0	0	0	0	0	0	0
DNAH17	0	0	0	0	0	0	0	0	0	0	0
DNAH5	0	0	1	0	0	0	0	0	1	0	0
DNAH6	0	0	0	0	1	0	0	0	1	0	0
DNAH7	0	0	0	0	0	0	0	0	0	0	0
DNAH8	0	0	1	0	0	0	0	0	0	0	0
DNAH9	0	0	0	0	0	0	0	0	0	0	0
DNAJB5	0	0	0	0	0	0	0	0	0	0	0
DNAJC13	0	0	0	1	0	0	0	0	0	0	0
DNAJC14	0	0	0	0	0	0	0	0	0	0	0
DNAJC6	0	0	0	0	1	0	0	0	0	0	0
DNER	0	0	0	1	0	0	0	0	0	0	0
DNMBP	0	0	0	0	0	0	0	0	0	0	0
DNMT3A	0	0	0	0	0	0	1	0	0	0	0
DOCK2	0	0	1	0	0	0	0	0	0	0	0
DOCK3	0	0	0	0	0	0	0	0	0	0	0
DOCK4	0	0	1	0	0	0	0	0	0	0	0
DOCK5	0	0	0	0	0	0	0	0	0	0	0
DOK6	0	0	0	0	0	0	0	0	0	0	0
DOPEY2	0	0	0	1	0	0	0	0	0	0	0
DPEP3	0	1	0	1	0	0	0	0	0	0	0
DPP10	0	0	0	0	0	0	0	0	0	0	0
DPP6	0	0	0	0	0	0	0	0	0	0	0
DPP9	0	0	0	0	0	0	0	0	0	0	1
DPY19L3	0	0	0	1	0	0	0	0	0	0	0
DPYD	1	0	0	0	0	0	0	0	0	0	0
DPYS	0	0	1	0	0	0	0	0	0	0	1
DRAM1	0	0	0	0	0	0	0	0	0	0	0
DRAP1	0	0	0	0	0	0	0	0	1	0	0
DRD5	0	0	0	1	0	0	0	0	0	0	0
DROSHA	0	0	0	0	0	0	0	0	0	0	0
DSCAM	0	0	0	1	0	0	0	0	0	0	0
DSCAML1	0	0	0	1	0	0	0	0	0	0	0
DSCR3	0	0	0	0	0	0	0	0	0	0	0
DSE	0	0	0	0	0	0	0	0	0	0	0
DSG4	0	0	0	0	0	0	0	0	0	0	0
DSP	0	0	0	0	0	0	0	0	0	0	0
DST	0	0	0	0	1	0	0	0	0	0	0
DTHD1	0	0	1	0	0	0	0	0	0	0	0
DTWD2	0	0	1	0	0	0	0	0	0	0	0
DTX2	0	0	0	0	0	0	0	0	0	0	0
DUOX1	0	0	0	0	0	0	0	0	0	0	0
DUS1L	0	0	0	1	0	0	0	0	0	0	0
DUS3L	0	0	0	0	0	0	1	0	0	0	0
DUSP10	0	0	0	0	0	0	0	0	0	0	0
DUSP3	0	0	0	1	0	0	0	0	0	0	0
DYNC1H1	0	1	0	1	0	1	0	0	0	0	0
DYNC2H1	0	0	0	0	0	0	0	1	0	0	0
DYNLT1	0	0	0	0	0	0	0	0	0	0	0
DYRK2	0	0	0	1	0	0	0	0	0	0	0
DYSF	0	0	0	1	0	0	0	0	0	0	0
DYTN	0	0	0	0	0	0	0	0	0	0	0
E2F1	0	0	0	0	0	0	0	0	0	0	0
E2F7	0	1	0	0	0	0	0	0	0	0	0
E4F1	0	0	0	0	0	0	0	0	0	0	0
EARS2	0	0	0	0	0	0	0	0	0	0	0
EBF1	1	0	0	0	0	0	0	0	0	0	0
EBF4	0	0	0	0	0	0	0	0	0	0	0
EDDM3B	0	0	0	0	1	0	0	0	0	0	0
EDN2	0	0	0	0	0	0	0	0	0	0	0
EDRF1	0	0	0	0	0	0	0	0	0	0	0
EFCAB13	0	1	0	0	0	0	0	0	0	0	0
EFCAB5	0	0	0	0	0	0	0	0	0	0	0
EFCC1	0	0	0	0	0	0	0	0	0	0	0
EFEMP1	0	0	0	0	0	0	0	0	0	0	0
EGFLAM	0	0	0	0	0	1	0	0	0	0	0
EHBP1L1	0	0	0	0	0	0	0	0	0	0	0
EID3	0	0	0	0	0	0	0	0	0	0	1
EIF3L	0	0	0	0	0	0	0	0	0	0	0
EIF4G1	0	0	0	0	0	0	0	0	0	0	0
EIF4G2	0	1	0	0	0	0	0	0	0	0	0
EIF4G3	0	0	0	1	0	0	0	0	0	0	0
ELFN1	0	0	0	1	0	0	0	0	0	0	0
ELMO3	0	0	0	0	0	0	0	0	0	0	0
ELMSAN1	0	0	0	1	0	0	0	0	0	0	0
ELN	0	0	0	0	0	0	0	0	0	0	0
ELOVL4	0	0	0	0	0	0	0	0	0	0	0
ELTD1	0	0	0	1	0	0	0	0	0	0	0
EMC1	0	0	0	1	0	0	0	0	0	0	0
EMC4	0	0	0	0	0	0	0	0	0	0	1
EMC7	0	0	0	0	0	0	0	0	0	0	0
EMR2	0	0	0	0	0	0	0	0	1	0	0
ENOSF1	0	0	0	1	0	0	0	0	0	0	0
ENPP3	0	0	0	0	0	0	1	0	0	0	0
ENTHD2	0	0	0	1	0	0	0	0	0	0	0
EP300	0	0	0	0	0	0	0	0	0	0	0
EP400	0	0	0	1	0	0	0	0	0	0	0
EPB41L4B	0	0	0	0	0	0	0	0	0	0	0
EPHA5	0	0	0	0	0	0	0	0	0	0	0
EPHB1	0	0	0	0	0	0	0	0	0	0	0
EPHX1	0	0	0	0	0	0	0	0	1	0	0
EPPK1	0	0	0	0	0	0	0	0	0	0	0
ERBB3	0	0	0	0	0	0	0	0	0	0	0
ERC1	0	0	0	0	0	0	0	0	0	0	0
ERC2	0	0	0	0	0	0	0	0	0	0	0
ERCC2	0	0	0	0	0	0	0	0	0	0	0
ERCC5	0	0	0	0	0	0	0	0	0	0	0
ERICH3	0	0	0	0	0	0	0	0	0	0	0
ERMARD	0	0	0	0	0	0	0	0	0	0	0
ERMN	0	0	0	0	0	0	0	0	0	0	0
ESRRA	0	0	0	0	0	0	0	0	0	0	0
ETFB	0	0	0	0	0	1	0	0	0	0	0
EVA1A	0	0	0	0	1	0	0	0	0	0	0
EXO1	0	0	0	0	0	0	1	0	0	0	0
EXOC2	0	0	0	0	0	0	0	0	0	0	0
EXOC3L1	0	0	0	1	0	0	0	0	0	0	0
EXOC3L2	0	0	0	0	0	1	0	0	0	0	0
EXOSC5	0	0	0	1	0	0	0	0	0	0	0
EXTL1	0	0	0	1	0	0	0	0	0	0	0
EYA2	0	0	0	0	0	0	0	0	0	0	0
EYS	0	0	1	0	1	1	0	0	0	0	0
EZH1	0	0	0	0	0	0	0	0	0	0	0
F2	0	0	0	0	0	0	0	0	0	0	0
FAAH	0	0	0	1	0	0	0	0	0	0	0
FADS3	0	0	0	0	0	0	0	0	0	0	0
FAM110D	0	0	0	0	0	0	0	0	0	0	0
FAM114A2	0	0	0	1	0	0	0	0	0	0	0
FAM117A	0	0	0	0	0	0	0	0	0	0	1
FAM120A	0	0	0	1	0	0	0	0	0	0	0
FAM129B	0	0	0	1	0	0	0	0	0	0	0
FAM131A	0	0	0	0	0	0	0	1	0	0	0
FAM155A	0	0	1	1	0	0	0	0	0	0	0
FAM169A	0	0	0	0	0	0	0	0	0	0	0
FAM170A	0	0	0	1	0	0	0	0	0	0	0
FAM171A2	0	0	0	0	0	0	0	0	0	0	0
FAM173A	0	0	0	0	0	0	0	0	0	0	0
FAM181A	0	0	0	1	0	0	0	0	0	0	0
FAM189B	0	0	0	1	0	0	0	0	0	0	0
FAM193A	0	0	0	0	0	0	0	0	0	0	0
FAM200A	0	0	0	0	0	0	0	0	0	0	0
FAM205A	0	0	0	0	0	1	0	0	0	0	0
FAM208B	1	0	0	0	0	1	0	0	0	0	0
FAM20C	0	0	0	0	0	0	0	0	0	0	0
FAM212B	0	0	0	1	0	0	0	0	0	0	0
FAM214A	0	0	0	1	0	0	0	0	0	0	0
FAM53C	0	0	0	1	0	0	0	0	0	0	0
FAM65A	0	0	0	0	0	0	0	0	0	0	0
FAM65C	0	0	0	0	0	0	1	0	0	0	0
FAM78A	0	0	0	0	0	0	0	0	0	0	0
FAM78B	0	0	0	1	0	0	0	0	0	0	0
FAM83C	0	0	0	0	0	0	0	0	0	0	0
FAM84A	0	0	0	1	0	0	0	0	0	0	0
FAM89A	0	0	0	1	0	0	0	0	0	0	0
FAM8A1	0	0	0	0	0	0	0	0	0	0	0
FAM90A1	0	0	0	0	0	0	0	0	0	0	0
FAM91A1	0	0	0	1	0	0	0	0	0	0	0
FAM96B	0	0	0	0	0	0	0	0	0	0	0
FANCG	0	0	0	1	0	0	0	0	0	0	0
FASN	0	0	0	0	0	0	0	0	0	0	0
FAT1	0	0	0	1	0	0	0	0	0	0	0
FAT2	0	0	0	1	1	0	0	0	0	0	0
FAT3	0	1	0	0	0	0	0	0	0	0	1
FAT4	0	0	0	1	0	0	0	0	0	0	0
FBF1	0	0	0	1	0	0	0	0	0	0	0
FBL	0	1	0	0	0	0	0	0	0	0	0
FBLN5	0	0	0	1	0	0	0	0	0	0	0
FBN3	0	0	0	1	0	0	0	0	0	0	0
FBXO15	0	0	0	0	0	1	0	0	0	0	0
FBXO21	0	0	0	0	0	0	0	0	0	0	0
FBXO24	0	0	0	0	0	0	0	0	0	0	0
FBXO28	0	0	0	1	0	0	0	0	0	0	0
FBXO38	0	0	0	1	0	0	0	0	0	0	0
FBXO42	0	0	0	0	0	0	0	0	0	0	0
FBXO7	0	0	1	0	0	0	0	0	0	0	0
FCER1A	0	0	0	1	0	0	0	0	0	0	0
FCGBP	0	0	0	0	0	0	0	0	0	0	0
FCN3	0	0	0	1	0	0	0	0	0	0	0
FEM1A	0	0	0	1	0	0	0	0	0	0	0
FER1L5	0	0	0	1	0	0	0	0	0	0	0
FERD3L	0	0	0	0	0	0	0	0	0	0	0
FFAR1	0	0	0	0	0	0	0	0	0	0	0
FGF14	0	0	0	0	0	0	0	0	0	0	0
FGFR1	0	0	0	0	0	0	0	0	0	0	0
FGFR3	0	1	0	0	0	0	0	0	0	0	0
FGFRL1	0	0	0	1	0	0	0	0	0	0	0
FIBIN	0	0	0	1	0	0	0	0	0	0	0
FIGN	0	1	0	0	0	0	0	0	0	0	0
FIGNL1	0	0	0	0	0	0	1	0	0	0	0
FLAD1	0	0	0	1	0	0	0	0	0	0	0
FLG	0	0	1	0	0	0	0	0	0	0	0
FLI1	0	0	0	0	0	0	0	0	0	0	0
FLNB	0	0	0	0	0	0	0	0	0	0	0
FLRT1	0	0	0	0	0	0	0	0	0	0	0
FLRT2	0	0	0	0	0	0	0	0	0	0	1
FLT1	0	1	0	0	0	0	0	0	0	0	0
FN3KRP	0	0	0	0	0	0	0	0	0	0	1
FNDC1	0	0	0	0	0	0	0	0	0	0	0
FNDC7	0	0	0	1	0	0	0	0	0	0	0
FOXO1	1	0	0	0	0	0	0	0	0	0	0
FOXP1	0	0	0	0	0	0	0	0	0	0	0
FOXP2	0	0	0	0	0	0	0	0	0	0	0
FPR1	0	0	0	0	0	0	1	0	0	0	0
FPR3	0	0	0	0	0	1	0	0	0	0	0
FRAS1	0	0	0	0	0	0	0	0	0	0	0
FREM1	0	0	0	1	0	0	0	0	1	0	0
FREM2	1	0	0	1	0	0	0	0	0	0	0
FREM3	0	0	1	0	0	0	0	0	0	0	0
FRMD6	0	0	0	1	0	0	0	0	0	0	0
FRY	0	0	0	1	0	0	0	0	0	0	0
FRYL	0	0	0	0	0	0	0	0	0	0	0
FSIP2	0	0	1	1	0	0	0	0	0	0	0
FUS	0	0	0	1	0	0	0	0	0	0	0
FUT5	0	0	0	1	0	0	0	0	0	0	0
FXYD5	0	0	0	0	0	0	0	0	0	0	0
FYB	0	0	0	0	0	0	0	0	1	0	0
FZD9	0	0	0	0	0	0	0	0	0	0	0
GAA	0	0	0	1	0	0	0	0	0	0	0
GAB1	0	0	0	0	0	0	0	0	0	0	0
GABRA2	0	0	0	0	0	0	0	0	0	0	0
GAD1	0	0	0	1	0	0	0	0	0	0	0
GAK	0	0	1	0	0	0	0	0	0	0	0
GALK1	0	0	0	0	0	0	0	0	0	0	0
GALK2	0	0	0	0	0	0	0	0	0	0	0
GALNT14	0	0	1	0	0	0	0	0	0	0	0
GALNTL6	0	0	0	1	0	0	0	0	0	0	0
GALR2	0	0	0	0	0	0	0	0	0	0	0
GARS	0	0	0	0	0	0	0	0	1	0	0
GATA2	0	0	0	1	0	0	0	0	0	0	0
GBP5	0	0	0	0	0	0	0	0	0	0	0
GBX1	0	0	0	0	0	0	0	0	0	0	0
GCAT	0	0	0	1	0	0	0	0	0	0	0
GCC1	0	0	0	0	0	0	0	0	0	0	0
GCNT2	0	0	0	0	0	0	0	0	0	0	0
GHDC	0	0	0	0	0	0	0	0	0	0	0
GHRHR	0	0	0	0	1	0	0	0	0	0	0
GIMAP6	0	0	0	0	0	0	0	0	0	0	0
GINS3	0	0	0	0	0	0	0	0	0	0	0
GIPC1	0	0	1	0	0	0	0	0	0	0	0
GIT1	0	0	0	1	0	0	0	0	0	0	0
GJD2	0	1	0	0	0	0	0	0	0	0	0
GLB1L3	0	0	0	0	0	0	0	0	0	0	0
GLDC	0	0	0	1	0	0	0	0	0	0	0
GLG1	0	0	0	1	0	0	0	0	0	0	0
GLI2	0	0	0	1	0	0	0	0	0	0	0
GLI3	0	0	1	0	0	0	0	0	0	0	0
GLRA1	0	0	0	0	0	0	0	0	0	0	0
GLRX2	0	0	0	0	0	0	0	0	0	0	0
GLYCTK	0	0	0	0	0	0	0	0	0	0	0
GML	0	0	0	0	0	0	0	0	0	0	0
GNA12	0	0	0	0	0	0	1	0	0	0	0
GNAS	0	0	0	1	0	0	0	0	0	0	0
GNRHR	0	1	0	0	0	0	0	0	0	0	0
GOLGB1	0	0	0	0	0	0	0	0	0	0	0
GON4L	0	0	0	1	0	0	0	0	0	0	0
GP5	0	0	0	0	0	0	0	0	0	0	0
GP6	0	0	0	0	0	0	0	0	0	0	0
GP9	0	0	0	0	0	0	0	0	0	0	0
GPBP1	0	0	0	1	0	0	0	0	0	0	0
GPC2	0	0	0	0	0	0	1	0	0	0	0
GPC5	0	0	0	1	0	0	0	0	0	0	0
GPHN	0	0	0	0	0	0	0	0	0	0	0
GPM6A	0	1	0	0	0	0	0	0	0	0	0
GPR107	0	0	0	0	0	0	0	0	0	0	0
GPR111	0	0	0	0	0	0	0	0	0	0	0
GPR113	0	0	0	0	0	0	0	0	0	0	0
GPR116	0	0	0	0	0	0	1	0	0	0	0
GPR126	0	0	0	0	0	0	0	0	0	0	0
GPR133	0	0	0	0	0	0	0	0	0	0	0
GPR139	0	0	0	0	0	0	0	0	0	0	0
GPR158	0	0	0	0	0	0	0	0	0	0	0
GPR25	0	0	0	1	0	0	0	0	0	0	0
GPR26	0	0	1	0	0	0	0	0	0	0	0
GPR39	0	0	0	0	0	0	0	0	1	0	0
GPR55	0	0	0	0	0	0	0	0	0	0	0
GPR6	0	0	0	0	0	0	0	0	0	0	0
GPR62	0	0	0	0	0	0	0	0	0	0	0
GPR87	0	0	0	0	0	0	0	0	1	0	0
GPR98	0	0	1	1	0	0	0	0	0	0	0
GRAMD4	0	0	0	0	0	0	0	0	0	0	0
GREB1	0	0	0	1	0	0	0	0	0	0	1
GREB1L	0	0	0	1	0	0	0	0	0	0	0
GRIA1	0	0	0	0	0	1	0	0	0	0	0
GRID2	0	0	0	0	0	0	0	0	0	0	0
GRID2IP	0	0	0	0	0	0	0	0	0	0	1
GRIK2	0	0	0	0	0	1	0	0	0	0	0
GRIK3	0	0	0	0	0	0	0	0	0	0	0
GRIK4	0	0	0	0	0	0	0	0	0	0	0
GRINA	0	0	0	0	0	0	0	0	0	0	0
GRIP1	0	0	0	0	0	0	0	0	0	0	1
GRM1	0	0	1	0	0	0	0	0	0	0	0
GRM2	0	0	0	0	0	0	0	0	0	0	0
GRM3	0	1	0	0	0	0	0	0	0	0	0
GRM5	0	0	0	0	0	0	0	0	0	0	0
GRM7	0	0	0	0	0	0	0	0	1	0	0
GRN	0	0	0	1	0	0	0	0	0	0	0
GRTP1	0	0	0	0	1	0	0	0	0	0	0
GSDMA	0	0	0	0	0	0	0	0	0	0	0
GSDMC	0	0	0	1	0	0	0	0	0	0	0
GSN	0	0	0	0	0	0	0	0	0	0	0
GSTM2	0	0	0	0	0	0	0	0	1	0	0
GTF3C1	0	0	0	1	0	0	0	0	0	0	1
GUCA1B	0	0	0	1	0	0	0	0	0	0	0
GUCA2B	0	1	0	0	0	0	0	0	0	0	0
GUCY1B3	0	0	0	0	0	0	0	0	0	0	0
GYPC	0	0	0	0	0	0	0	0	0	0	0
GZMK	0	0	0	0	0	0	0	0	0	0	0
H1FOO	0	0	0	1	0	0	0	0	0	0	0
H3F3C	0	0	0	0	0	0	0	0	0	0	0
H6PD	0	0	0	1	0	0	0	0	0	0	0
HADHA	0	0	0	0	0	0	0	0	0	0	0
HAL	0	0	0	0	0	0	0	0	0	0	1
HAPLN4	0	0	0	1	0	0	0	0	0	0	0
HAUS6	0	0	0	0	0	0	0	0	0	0	0
HCN3	0	0	0	0	0	0	0	0	0	0	0
HCN4	0	0	0	0	1	0	0	0	0	0	0
HDAC9	0	0	0	0	0	0	0	0	0	0	0
HEATR5A	0	0	0	0	0	0	0	0	0	0	0
HEATR5B	0	0	0	0	0	0	0	0	0	0	0
HECTD4	0	0	0	0	0	0	0	0	0	0	0
HECW1	0	0	0	0	0	0	0	0	0	0	0
HEG1	0	0	0	1	0	0	0	0	0	0	0
HELB	0	0	0	0	0	0	0	0	0	0	0
HEPHL1	0	0	0	1	0	0	0	0	0	0	0
HERC1	0	0	0	1	0	0	0	0	0	0	0
HERC2	0	0	0	0	0	0	0	0	0	0	0
HEXDC	0	0	0	0	0	0	0	0	0	0	0
HEY1	0	0	0	1	0	0	0	0	0	0	0
HFM1	0	0	0	1	0	0	0	0	0	0	1
HIC2	0	0	0	0	0	0	0	0	0	0	0
HINT1	0	0	0	0	0	0	0	0	0	0	1
HIP1	0	0	0	0	0	0	0	0	0	0	0
HIST1H1E	0	0	0	0	0	0	0	0	0	0	0
HIST1H2AG	0	0	0	0	0	0	0	0	0	0	0
HIVEP2	0	0	0	1	0	0	0	0	0	0	0
HK3	0	0	0	0	0	0	0	0	0	0	0
HKDC1	0	0	0	1	0	0	0	0	0	0	0
HLA-B	0	0	0	0	0	0	0	0	0	0	0
HLA-C	0	0	0	0	0	0	0	0	0	0	0
HLA-DQB2	0	0	0	0	0	0	0	0	0	0	0
HMCN1	0	0	0	1	0	0	0	0	0	0	0
HMGCS2	0	0	0	1	0	0	0	0	0	0	0
HNF4G	0	0	0	0	0	0	0	0	0	0	0
HNRNPA1	0	0	0	0	0	0	0	0	0	0	0
HNRNPA1L2	0	0	0	0	0	1	0	0	0	0	0
HNRNPF	0	0	0	0	0	0	0	0	0	0	0
HOMEZ	0	0	0	0	0	0	0	0	0	0	0
HOXA1	0	0	0	0	0	0	0	0	1	0	0
HOXA3	0	0	1	0	0	0	0	0	0	0	0
HPS3	0	0	0	0	0	0	0	0	0	0	0
HPS5	0	0	0	0	0	0	0	0	0	0	0
HRH2	0	0	0	0	0	0	0	0	0	0	0
HRSP12	0	0	0	1	0	0	0	0	0	0	0
HSD11B1L	0	0	0	1	0	0	0	0	0	0	0
HSH2D	0	0	0	1	0	0	0	0	0	0	0
HSPA12A	0	0	1	0	0	0	0	0	0	0	0
HSPA2	0	0	0	0	0	0	0	0	0	0	1
HSPA6	0	0	0	0	0	0	0	0	0	0	0
HSPA8	0	0	1	0	0	0	0	0	0	0	0
HTRA3	0	0	0	0	1	0	0	0	0	0	0
HTT	0	0	0	1	0	0	0	0	0	0	0
HYAL4	0	0	0	0	0	0	0	0	0	0	0
HYDIN	0	0	0	0	0	0	0	0	0	0	0
HYOU1	0	0	0	1	0	0	0	0	0	0	0
ICE2	0	0	0	0	0	0	0	0	0	0	0
IDE	0	0	0	0	0	0	0	0	0	0	0
IDH1	0	0	0	0	0	0	0	0	0	0	0
IDH3B	0	0	0	0	0	0	0	0	0	0	0
IDO1	0	0	0	0	0	0	0	0	0	0	0
IFI44	0	0	0	0	0	0	0	0	0	0	0
IFI6	0	0	0	0	0	0	0	0	0	0	0
IFNGR2	0	0	0	0	0	0	0	0	0	0	0
IFT74	0	0	0	0	0	0	0	0	0	0	0
IFT88	0	0	1	0	0	0	0	0	1	0	0
IGF2R	0	0	0	1	0	0	0	0	0	0	0
IGFN1	0	0	0	1	0	0	0	0	0	0	0
IGSF21	0	0	1	0	0	0	0	0	0	0	0
IGSF9	0	0	0	1	0	0	0	0	0	0	0
IKZF1	0	0	0	0	0	0	0	0	0	0	1
IL17F	0	0	0	0	0	0	0	0	0	0	0
IL17RA	0	0	0	1	0	0	0	0	0	0	0
IL20RA	0	0	0	0	0	0	0	0	0	0	0
IL36G	0	0	0	0	0	0	0	0	0	0	0
IL37	0	0	0	0	0	0	0	0	0	0	0
IL4R	0	0	0	0	0	0	0	0	0	0	0
ILDR1	0	0	0	0	0	0	0	0	0	0	0
ILDR2	0	0	0	0	0	0	0	0	0	0	0
IMPG1	0	0	1	0	0	0	0	0	0	0	0
INADL	0	0	0	0	0	0	0	0	0	0	0
INCENP	0	0	0	0	0	0	0	0	0	0	0
ING1	0	0	0	0	0	0	0	0	0	0	0
INHBA	0	0	0	0	0	0	0	0	0	0	0
INPP1	0	0	0	0	0	0	0	0	0	0	0
INPPL1	0	0	0	0	0	0	0	0	0	0	0
INSRR	0	0	0	1	0	0	0	0	0	0	0
INTS3	0	0	0	0	0	0	0	0	0	0	0
INTS6	0	0	1	0	1	0	0	0	0	0	0
INVS	0	1	0	1	0	0	0	0	0	0	0
IP6K1	0	0	0	0	0	0	0	0	0	0	0
IQCD	0	0	0	1	0	0	0	0	0	0	0
IQGAP3	0	0	0	0	0	0	0	0	0	0	0
IRF2BP1	0	0	0	0	0	0	0	0	0	0	0
IRGQ	0	0	0	0	1	0	0	0	0	0	0
IRX3	0	0	0	1	0	0	0	0	0	0	0
IRX4	0	0	0	0	0	0	0	0	0	0	0
ISG20L2	0	0	0	0	0	0	0	0	0	0	0
ITFG3	0	0	0	1	0	0	0	0	0	0	0
ITGA11	0	0	0	0	0	0	0	0	1	0	0
ITGA9	0	0	0	0	0	0	0	0	0	0	0
ITGAD	0	0	0	1	0	0	0	0	0	0	0
ITGAX	0	0	0	0	0	0	1	0	0	0	0
ITGB4	0	0	0	0	1	0	0	0	0	0	0
ITGB6	0	0	0	0	0	0	0	0	0	0	0
ITIH3	0	0	0	1	0	0	0	0	0	0	0
ITIH5	0	0	0	0	0	0	0	0	0	0	0
ITPR1	0	0	0	0	0	0	0	0	0	0	0
ITPR2	0	0	0	0	0	0	0	0	0	0	0
ITPR3	0	0	0	1	0	0	0	0	0	0	0
IVNS1ABP	0	0	0	1	0	0	0	0	0	0	0
IZUMO1	0	0	0	0	0	0	0	0	0	0	0
JAK1	0	0	0	0	0	0	0	0	0	0	0
JAKMIP2	0	0	0	0	0	0	0	0	0	0	0
JPH1	0	0	0	1	0	0	0	0	0	0	0
KANK2	0	0	0	0	0	0	0	0	0	0	0
KANSL1L	0	0	0	0	0	0	0	0	0	0	0
KAT5	0	0	0	1	0	0	0	0	0	0	0
KAT6B	0	0	0	0	0	0	0	0	0	0	0
KCNA10	0	0	0	0	0	0	0	0	0	0	0
KCNA4	0	0	0	1	0	0	0	0	0	0	0
KCNAB1	0	0	0	0	0	0	0	0	0	0	0
KCNG4	0	0	0	0	1	0	0	0	0	0	0
KCNH3	0	0	0	1	0	0	0	0	0	0	0
KCNH6	0	0	0	1	0	0	0	0	0	0	0
KCNJ12	0	0	0	0	0	1	0	0	0	0	0
KCNJ13	0	0	0	1	0	0	0	0	0	0	0
KCNMB2	0	0	0	0	0	0	0	0	0	0	0
KCNMB4	0	0	0	0	0	0	0	0	0	0	0
KCNN4	0	0	0	1	0	0	0	0	0	0	0
KCNQ2	0	0	1	0	0	0	0	0	0	0	0
KCNS2	0	0	0	0	0	0	0	0	0	0	0
KCTD9	0	1	0	0	0	0	0	0	0	0	0
KDM4B	0	0	0	0	0	0	0	0	0	0	0
KDM5A	0	0	0	0	0	0	0	0	0	0	0
KEL	0	0	0	0	0	0	0	0	0	0	0
KERA	0	0	0	0	0	0	1	0	0	0	0
KHDRBS2	0	0	0	1	0	0	0	0	0	0	0
KHK	0	0	0	0	0	0	0	0	0	0	0
KIAA0141	0	0	0	0	0	0	0	0	0	0	0
KIAA0232	0	0	0	1	0	0	0	0	0	0	0
KIAA0355	0	0	0	1	0	0	0	0	0	0	0
KIAA0895L	0	0	0	0	0	0	0	0	0	0	0
KIAA1033	0	0	0	0	0	0	0	0	0	0	0
KIAA1109	0	0	0	1	0	0	0	0	0	0	0
KIAA1217	0	0	0	0	0	0	0	0	0	0	0
KIAA1324L	0	0	0	0	0	0	0	0	0	0	0
KIAA1328	0	0	0	0	0	0	0	0	1	0	0
KIAA1429	0	0	0	0	0	0	0	0	0	0	0
KIAA1467	0	0	0	0	0	0	0	0	0	0	0
KIAA1755	0	0	0	0	0	0	0	0	0	0	0
KIAA2026	0	0	0	1	0	0	0	0	0	0	0
KIF16B	0	0	0	0	0	0	0	0	0	0	0
KIF18B	0	0	0	0	0	0	0	0	0	0	0
KIF1A	0	0	0	1	0	0	0	0	0	0	0
KIF21A	0	1	0	0	0	0	0	0	0	0	0
KIF26B	0	0	0	0	0	0	0	0	1	0	1
KIF3B	0	0	0	1	0	0	0	0	0	0	0
KIF4B	0	0	0	0	0	0	0	0	0	0	0
KIF5A	0	0	0	0	0	0	0	0	0	0	0
KIF5C	0	0	0	0	0	0	0	0	1	0	0
KIRREL3	0	0	0	0	0	0	0	0	0	0	0
KLB	0	0	0	0	0	0	0	0	1	0	0
KLC1	0	0	0	1	0	0	0	0	0	0	0
KLC2	0	0	0	0	0	0	0	0	0	0	0
KLF10	0	0	0	1	0	0	0	0	0	0	0
KLF14	0	0	0	0	0	0	0	0	0	0	0
KLHL2	0	0	0	0	0	0	0	0	1	0	0
KLHL21	0	0	0	0	0	0	0	0	0	0	0
KLHL36	0	0	0	0	0	0	0	0	1	0	0
KLHL5	0	0	0	1	0	0	0	0	0	0	0
KLK10	0	1	0	0	0	0	0	0	0	0	0
KLK14	0	0	0	1	0	0	0	0	0	0	0
KMT2A	0	0	0	1	0	0	0	0	0	0	0
KMT2C	0	0	0	1	0	0	0	0	0	0	0
KNTC1	0	0	0	0	0	0	0	0	0	0	1
KRAS	0	0	0	0	0	1	1	0	0	0	0
KRBA2	0	0	0	0	0	0	0	0	0	0	0
KRT18	0	0	0	0	0	0	0	1	0	0	0
KRT25	0	0	0	1	0	0	0	0	0	0	0
KRT28	0	0	0	0	0	0	0	0	1	0	0
KRT31	0	0	0	1	0	0	0	0	0	0	0
KRT34	0	0	0	0	0	0	1	0	0	0	0
KRT73	0	0	0	1	0	0	0	0	0	0	0
KRT78	0	0	0	0	0	0	0	0	0	0	1
KRT8	0	0	0	0	0	0	0	1	0	0	0
KRT81	0	1	0	0	0	0	0	0	0	0	0
KRTAP10-10	0	0	0	0	0	0	0	1	0	0	0
KRTAP10-12	0	0	0	0	0	0	0	0	0	0	1
KRTAP17-1	0	0	0	0	0	0	0	0	0	0	1
KRTAP24-1	0	0	0	0	0	0	0	0	0	0	0
KRTAP4-11	0	0	0	0	0	0	0	0	0	0	1
KRTAP4-4	0	0	0	0	0	0	0	0	0	0	0
KRTAP9-4	0	0	0	0	0	0	0	0	0	0	0
KY	0	0	0	1	0	0	0	0	0	0	0
L3MBTL3	0	0	0	1	0	0	0	0	0	0	1
LAMA1	0	0	0	1	0	0	0	0	0	0	0
LAMA3	0	0	0	1	0	0	0	0	0	0	0
LAMA4	0	0	0	0	0	0	0	0	0	0	0
LAMA5	0	0	0	1	0	0	0	0	0	0	0
LAMB1	0	0	0	1	0	0	0	0	0	0	0
LAMC1	0	0	0	0	0	0	0	0	0	0	1
LAMC2	0	0	0	0	0	0	0	0	0	0	0
LAMP3	0	0	0	0	0	0	0	0	0	0	1
LARP1B	0	0	0	1	0	0	0	0	0	0	0
LARP4	0	0	0	0	0	0	0	0	0	0	0
LARS	0	0	0	0	1	0	0	0	0	0	0
LBP	0	0	0	0	0	0	0	0	0	0	0
LCE1D	0	0	0	0	0	0	1	0	0	0	0
LCE3D	0	0	0	0	1	0	0	0	0	0	0
LCN8	0	0	0	0	0	0	0	0	0	0	0
LCP2	0	0	0	0	1	0	0	0	0	0	0
LCT	0	0	0	1	0	0	0	0	0	0	0
LDB3	0	0	0	1	0	0	0	0	0	0	0
LEFTY1	0	0	0	1	0	0	0	0	0	0	0
LENG8	0	0	0	0	0	0	0	0	0	0	0
LEPR	0	0	1	0	0	0	0	0	0	0	0
LETM1	0	0	0	1	0	0	0	0	0	0	0
LETM2	0	0	0	1	0	0	0	0	0	0	0
LGALS2	0	0	0	0	0	0	0	0	0	0	0
LGI1	0	0	0	0	0	0	0	0	1	0	0
LGI4	0	0	0	1	0	0	0	0	0	0	0
LIFR	0	0	0	0	0	0	0	0	0	0	0
LIMS1	0	0	0	0	0	0	0	0	0	0	0
LIPA	0	0	0	0	0	0	1	0	0	0	0
LIPT1	0	0	0	0	0	0	0	0	0	0	0
LLGL2	0	0	0	1	0	0	0	0	0	0	0
LLPH	0	0	0	0	0	0	0	0	0	0	0
LMBRD1	0	0	0	0	0	0	0	0	0	0	0
LMNTD2	0	0	0	0	0	0	0	0	0	0	0
LMO7	0	0	0	1	0	0	0	0	0	0	0
LOC100129083	0	0	0	0	0	0	0	0	0	0	0
LOC100129697	0	0	0	0	0	0	0	0	0	0	1
LOC100144595	0	1	0	0	0	0	0	0	0	0	0
LOC100289561	0	0	0	0	0	0	0	0	0	0	0
LOC100996634	0	1	0	0	0	0	0	0	0	0	0
LOC158434	0	1	0	0	0	0	0	0	0	0	0
LOC93432	0	0	1	1	0	0	0	0	0	0	0
LPHN1	0	0	0	0	0	0	0	0	0	0	0
LPHN2	0	0	0	0	0	0	0	0	0	0	1
LPHN3	0	0	0	1	0	0	0	0	0	0	0
LPL	0	0	0	1	0	0	0	0	0	0	0
LPPR4	0	0	0	0	0	0	0	0	0	0	0
LRBA	0	0	0	0	0	0	0	0	0	0	0
LRFN5	0	0	1	0	0	0	0	0	0	0	0
LRIF1	0	0	0	0	0	0	0	0	0	0	0
LRRC24	0	0	0	1	0	0	0	0	0	0	0
LRRC36	0	0	0	1	0	0	0	0	0	0	0
LRRC37A3	0	0	0	0	0	0	0	0	0	0	0
LRRC38	0	0	0	0	0	0	0	0	0	0	0
LRRC4	0	0	0	0	0	0	0	0	0	0	0
LRRC45	0	0	0	1	0	0	0	0	0	0	0
LRRC49	0	0	0	0	0	0	0	0	0	0	0
LRRC63	0	0	0	0	0	0	0	0	0	0	0
LRRFIP1	0	0	0	0	0	0	0	0	0	0	0
LRRIQ1	0	0	1	0	0	0	0	0	0	0	0
LRRN4	0	0	0	1	0	0	0	0	0	0	0
LTBP2	0	0	0	0	0	0	0	0	0	0	0
LTF	0	0	0	0	0	0	0	0	0	0	0
LTN1	0	0	0	0	0	0	0	0	0	0	0
LURAP1L	0	0	0	0	0	0	0	0	0	0	1
LUZP1	0	0	0	0	0	0	0	0	0	0	0
LYAR	0	0	0	0	0	0	0	0	0	0	0
LYN	0	0	0	0	0	1	0	0	0	0	0
LYNX1	0	0	0	1	0	0	0	0	0	0	0
LYPD1	0	0	1	0	0	0	0	0	0	0	0
LYZL2	0	0	0	0	0	0	0	0	0	0	0
LZTR1	0	0	0	0	0	0	0	0	0	0	0
MAATS1	0	0	0	1	0	0	0	0	0	0	0
MACF1	0	0	0	0	0	0	0	0	0	0	0
MAGEL2	0	0	0	0	1	0	0	0	0	0	0
MAGI1	0	0	0	0	0	0	0	0	0	0	0
MALRD1	0	0	0	1	0	0	0	0	0	0	0
MAML3	0	0	0	0	0	0	0	0	0	0	0
MANEA	0	0	0	0	0	0	0	0	0	0	0
MAP1B	0	0	0	0	0	0	0	0	0	0	0
MAP2	0	0	0	1	0	0	0	0	0	0	0
MAP3K1	0	0	0	1	0	0	0	0	0	0	0
MAP3K10	0	0	0	1	0	0	0	0	0	0	0
MAP7	0	0	0	1	0	0	0	0	0	0	0
MAPK4	0	0	0	0	0	0	0	0	0	0	0
MAPK6	0	0	0	0	0	0	0	0	0	0	0
MAPK8IP3	0	0	0	0	0	0	0	0	0	0	0
MAPKAPK2	0	0	0	0	0	0	0	1	0	0	0
MARCH1	0	0	0	0	0	0	0	0	0	0	1
MARCH4	0	0	0	0	0	0	0	0	0	0	0
MARCH8	0	0	0	0	0	0	0	0	0	0	0
MARK1	0	0	0	0	1	0	0	0	0	0	0
MARK2	0	0	0	0	0	0	0	0	0	0	0
MAST2	0	0	1	0	0	0	0	0	0	0	0
MAST4	0	0	0	1	0	0	0	0	0	0	0
MATN1	0	0	0	0	1	0	0	0	0	0	0
MAVS	0	0	0	1	0	0	0	0	0	0	0
MB21D1	0	1	0	0	0	0	0	0	0	0	0
MBD3	0	0	0	0	0	0	0	0	1	0	0
MBD5	0	0	0	1	0	0	0	0	0	0	0
MC5R	0	0	0	0	0	0	0	0	0	0	0
MCM2	0	0	0	1	0	0	0	0	0	0	0
MCM3AP	0	0	0	0	0	0	0	0	0	0	0
MCPH1	0	0	0	0	0	0	0	0	0	0	0
MDGA2	0	0	0	0	0	0	0	0	0	0	0
MDN1	0	0	0	1	0	0	0	0	0	0	0
ME3	0	0	1	0	0	0	0	0	0	0	0
MED12L	0	0	0	0	0	0	0	0	0	0	0
MEF2D	0	0	0	0	0	0	0	1	0	0	0
MELK	0	0	0	0	0	0	0	0	0	0	0
MEPE	0	0	1	0	0	0	0	0	0	0	0
METTL13	0	0	0	0	0	0	0	0	1	0	0
METTL22	0	0	0	1	0	0	0	0	0	0	0
MFAP1	0	0	0	0	0	0	0	0	0	0	0
MFN2	0	0	0	1	0	0	0	0	0	0	0
MFSD10	0	0	0	1	0	0	0	0	0	0	0
MGA	0	0	0	1	0	0	0	0	0	0	0
MGAM	0	1	1	0	0	0	0	0	0	0	0
MGAT4B	0	0	0	0	0	0	0	0	0	0	0
MICALL2	0	0	0	1	0	0	0	0	0	0	0
MINA	0	0	0	0	0	0	0	0	0	0	0
MINPP1	0	0	0	0	0	0	0	0	0	0	0
MISP	0	0	0	1	0	0	0	0	0	0	0
MKS1	0	0	0	1	0	0	0	0	0	0	0
MLXIPL	0	0	0	0	0	0	0	0	0	0	0
MMP2	0	0	0	1	0	0	0	0	0	0	0
MMS22L	0	0	0	0	0	0	0	0	0	0	0
MN1	0	0	0	0	0	0	0	0	0	0	0
MOB1B	0	0	0	0	1	0	0	0	0	0	0
MOB3C	0	0	0	0	0	0	0	0	0	0	1
MORC1	0	0	0	0	1	0	0	0	0	0	0
MRGPRE	0	0	0	0	0	0	0	0	0	0	0
MRPS26	0	0	0	1	0	0	0	0	0	0	0
MS4A5	0	0	0	0	0	0	0	0	0	0	0
MSH6	0	0	0	1	0	0	0	0	0	0	0
MST1	0	0	0	0	0	0	0	0	1	0	0
MT1G	0	0	0	1	0	0	0	0	0	0	0
MTA3	0	0	0	0	0	0	0	0	0	0	0
MTCL1	0	0	0	0	0	1	0	0	0	0	0
MTMR14	0	0	0	1	0	0	0	0	0	0	0
MTMR3	0	0	0	0	0	0	0	0	0	0	0
MTNR1A	0	0	0	0	0	0	0	0	0	0	0
MTO1	0	0	0	0	0	0	0	0	0	0	0
MTOR	0	1	0	0	0	0	0	0	0	0	0
MTSS1L	0	0	0	0	0	0	0	0	0	0	0
MTTP	0	0	0	1	0	0	0	0	0	0	0
MTUS1	0	0	0	0	0	0	0	0	0	0	0
MUC12	0	0	0	0	0	0	0	0	0	0	1
MUC13	0	0	0	0	0	0	0	0	0	0	0
MUC16	0	0	0	1	0	0	0	0	0	0	0
MUC17	0	0	0	1	0	0	0	0	0	0	0
MUC2	0	0	0	0	0	0	0	0	0	0	0
MUC21	0	0	0	0	0	0	0	0	0	0	0
MUC3A	0	0	0	1	0	0	0	0	0	0	0
MUC4	0	0	0	0	0	0	0	0	0	0	0
MUC5B	0	0	1	0	0	0	0	0	0	0	0
MUC6	0	0	0	0	0	0	0	0	0	0	0
MUL1	0	0	0	0	0	0	1	0	0	0	0
MX1	0	0	0	0	0	0	0	0	0	0	1
MYADM	0	0	0	0	1	0	0	0	0	0	0
MYBPC2	0	0	0	0	0	0	0	0	0	0	0
MYCBP2	0	0	0	1	0	0	0	0	1	0	0
MYCL	0	0	0	0	1	0	0	0	0	0	0
MYCT1	0	0	0	0	0	0	0	0	0	0	0
MYEOV	0	0	1	0	0	0	0	0	0	0	0
MYH11	0	0	0	1	1	0	0	0	0	0	0
MYH2	0	0	0	1	0	0	0	0	0	0	0
MYH3	0	0	0	0	0	0	0	0	0	0	0
MYH4	0	0	0	0	0	0	0	0	0	0	0
MYH7B	0	0	0	1	0	0	0	0	0	0	0
MYH8	0	0	0	0	0	0	0	0	0	0	0
MYL10	0	0	0	0	0	0	0	0	0	0	0
MYO15A	0	0	0	1	0	0	0	0	0	0	1
MYO18B	0	0	0	1	0	0	0	0	0	0	0
MYO3A	0	0	0	0	0	0	0	0	0	0	0
MYO3B	0	0	0	0	0	0	0	0	0	0	0
MYO6	0	0	0	0	0	0	0	0	0	0	0
MYO7A	0	0	0	1	0	0	0	0	0	0	0
MYO7B	0	0	0	1	0	0	0	0	0	0	0
MYO9A	0	0	0	0	0	0	0	0	1	0	0
MYO9B	0	0	0	0	0	0	0	0	0	0	0
MYOCD	0	0	0	0	0	0	0	0	1	0	0
MYT1	0	0	0	1	0	0	0	0	0	0	0
MYT1L	0	0	0	1	0	0	0	0	0	0	0
N4BP3	0	0	0	1	0	0	0	0	0	0	0
NAA35	0	0	0	0	0	0	0	0	1	0	0
NAGK	0	0	0	1	0	0	0	0	0	0	0
NALCN	0	0	0	0	1	0	0	0	0	0	0
NAP1L4	0	0	0	0	0	0	0	0	0	0	0
NARS	0	0	0	0	0	0	0	0	0	0	0
NASP	0	0	0	0	0	0	0	0	0	0	0
NAV3	0	0	0	1	0	0	0	0	0	0	0
NBAS	0	0	0	1	0	0	0	0	0	0	0
NBEAL1	0	0	0	0	0	0	0	0	0	0	1
NBPF3	0	0	0	0	0	0	0	0	0	0	0
NBPF8	0	0	0	0	0	0	0	0	0	0	1
NBPF9	0	0	0	0	0	0	0	0	0	0	0
NCAN	0	0	0	1	0	0	0	0	0	0	0
NCOR1	0	0	0	0	0	0	0	0	0	0	1
NCR3	0	0	0	1	0	0	0	0	0	0	0
NCR3LG1	0	0	0	1	0	0	0	0	0	0	0
NDST4	0	0	0	0	0	0	0	0	0	0	0
NDUFA10	0	0	0	0	0	0	0	0	0	0	0
NDUFA11	0	0	0	1	0	0	0	0	0	0	0
NDUFS7	0	0	0	0	0	0	0	0	1	0	0
NEB	0	0	0	1	0	0	0	0	1	0	0
NEDD4	0	0	0	1	0	0	0	0	0	0	0
NEFM	0	0	0	0	0	0	0	0	0	0	0
NEGR1	0	0	0	0	0	0	0	0	0	0	0
NEMF	0	0	0	0	0	0	0	0	0	0	0
NES	0	1	0	0	0	0	0	0	0	0	0
NETO1	0	0	0	0	0	0	0	0	0	0	0
NEU2	0	0	0	1	0	0	0	0	0	0	0
NFATC3	0	0	0	0	0	0	0	0	0	0	0
NFIC	0	0	1	0	0	0	0	0	0	0	0
NFKB1	0	0	0	0	0	0	0	0	0	0	0
NFU1	0	0	0	0	0	0	0	0	0	0	0
NFYC	0	0	0	1	0	0	0	0	0	0	0
NGEF	0	0	0	0	0	0	0	0	0	0	0
NIN	0	0	0	0	0	0	0	0	0	0	0
NIT2	0	0	0	0	0	0	0	0	0	0	0
NKX3-2	0	0	0	1	0	0	0	0	0	0	0
NLRC4	0	0	0	0	0	0	0	0	0	0	0
NLRP1	0	0	0	0	0	0	0	0	0	0	0
NLRP10	0	0	0	0	1	0	0	0	0	0	0
NLRP12	0	0	0	0	0	0	0	0	1	0	0
NLRP14	0	0	0	0	0	0	0	0	0	0	0
NLRP7	0	0	0	0	1	0	0	0	0	0	0
NNMT	0	0	1	0	0	0	0	0	0	0	0
NOBOX	0	0	0	0	0	0	0	0	0	0	1
NOL6	0	0	0	0	0	0	0	0	0	0	0
NOP14	0	0	0	0	0	0	0	0	0	0	0
NOS1	0	0	0	1	0	0	1	0	0	0	0
NOS2	0	0	0	0	0	0	0	0	0	0	0
NOS3	0	0	0	0	0	0	0	0	0	0	0
NOTCH3	0	0	1	0	0	0	0	0	0	0	0
NOTUM	0	0	0	1	0	0	0	0	0	0	0
NPAS2	0	0	0	0	0	0	0	0	0	0	0
NPAS3	0	0	0	0	0	0	0	0	0	0	0
NPAT	0	0	0	0	0	0	0	0	0	0	0
NPC1	0	0	0	1	0	0	0	0	0	0	0
NPC1L1	0	0	1	0	0	0	0	0	0	0	0
NPFFR1	0	0	0	0	0	0	0	0	0	0	0
NPHP4	0	0	0	1	0	0	0	0	0	0	0
NPLOC4	0	0	0	0	0	0	0	0	0	0	0
NPPB	0	0	0	0	0	0	0	0	0	0	0
NPR1	0	0	0	0	1	0	0	0	0	0	0
NPW	0	0	0	0	0	0	0	0	0	0	0
NPY1R	0	0	0	0	0	0	0	0	0	0	0
NR4A2	0	0	0	0	1	0	0	0	0	0	0
NR5A2	0	0	0	0	0	0	0	0	0	0	0
NRAS	0	1	0	0	0	0	1	0	0	0	0
NRG1	0	1	0	1	1	0	0	0	0	0	0
NRG2	0	0	0	1	0	0	0	0	0	0	0
NRP2	0	0	0	0	0	0	0	0	0	0	0
NRXN3	0	0	0	0	0	0	0	0	0	0	0
NSUN5	0	0	0	1	0	0	0	0	0	0	0
NT5DC2	0	0	0	0	0	0	0	0	0	0	0
NT5E	0	0	0	0	0	0	0	0	0	0	0
NTNG2	0	0	0	1	0	0	0	0	0	0	0
NTSR2	0	1	0	0	0	0	0	0	0	0	0
NUAK1	0	0	0	0	0	0	0	0	0	0	0
NUB1	0	0	0	1	0	0	0	0	0	0	0
NUDT14	0	0	0	1	0	0	0	0	0	0	0
NUGGC	0	0	0	0	0	0	0	0	0	0	0
NUMA1	0	0	0	0	0	0	0	0	0	0	1
NUP107	0	0	0	0	0	0	0	0	1	0	0
NUP188	0	0	1	0	0	0	0	0	0	0	0
NUP210	0	0	0	1	0	0	0	0	0	0	0
NXNL1	0	0	0	1	0	0	0	0	0	0	0
NXPE3	0	0	0	0	0	0	0	0	0	0	0
NYAP2	0	1	0	0	0	0	0	0	0	0	0
OBSCN	0	0	1	0	0	0	0	0	0	0	0
OCA2	0	1	0	0	0	0	0	0	0	0	0
OGFR	0	0	0	1	0	0	0	0	0	0	0
OIT3	0	0	0	0	0	0	0	0	0	0	0
OLFML2A	0	0	0	1	0	0	0	0	0	0	0
OLFML2B	0	0	0	0	1	0	0	0	0	0	0
OMG	0	0	0	0	0	0	0	0	1	0	0
ONECUT2	0	0	0	0	0	0	0	0	0	0	0
OPN1SW	0	0	0	0	0	0	0	0	0	0	0
OPN3	0	0	0	0	0	0	0	0	0	0	0
OR10A4	0	0	0	0	0	0	0	0	0	0	0
OR10H4	0	0	1	0	0	0	0	0	0	0	0
OR10H5	0	0	0	0	0	0	0	0	0	0	0
OR10J1	0	0	0	1	0	1	0	0	0	0	0
OR11H4	0	0	0	0	0	0	0	0	0	0	0
OR11L1	0	0	0	0	0	0	0	0	0	0	0
OR12D2	0	0	0	0	0	0	0	0	0	0	0
OR13A1	0	0	0	1	0	0	0	0	0	0	0
OR2T4	0	0	0	0	0	0	0	0	0	0	0
OR3A1	0	0	0	1	0	0	0	0	0	0	0
OR4A47	0	0	0	0	1	0	0	0	0	0	0
OR4C16	0	0	0	0	0	0	0	0	0	0	0
OR4K13	0	0	0	0	0	0	0	0	0	0	0
OR51B5	0	0	0	0	0	0	0	0	0	0	0
OR51B6	0	0	0	1	0	0	0	0	0	0	0
OR51G2	0	0	0	0	0	0	0	0	1	0	0
OR52K1	0	0	0	1	0	0	0	0	0	0	0
OR52K2	0	0	0	0	0	0	0	0	1	0	0
OR52M1	0	0	0	0	0	0	0	0	0	0	0
OR56B1	0	0	0	0	0	0	0	0	0	0	0
OR5B17	0	0	0	0	0	0	0	0	0	0	0
OR5B2	0	0	0	1	0	0	0	0	0	0	0
OR5D18	0	0	0	0	0	0	0	0	0	0	0
OR5M1	0	0	0	1	0	0	0	0	0	0	0
OR5M3	0	0	0	0	0	0	0	0	0	0	0
OR5T1	0	0	0	0	0	0	0	0	0	0	0
OR5W2	0	0	0	0	0	0	0	0	0	0	0
OR6B2	0	0	0	0	0	0	0	0	0	0	0
OR6C74	0	0	0	0	0	0	0	0	0	0	0
OR6K6	0	0	0	0	0	0	1	0	0	0	0
OR6N1	0	0	0	1	0	0	0	0	0	0	0
OR6Q1	0	0	0	0	0	0	0	0	0	0	0
OR8B3	0	0	0	0	0	0	0	0	0	0	0
OR8G5	0	0	0	0	0	0	0	0	0	0	0
OR8H2	1	0	0	0	0	0	0	0	0	0	0
OR8J1	0	0	0	0	0	0	0	0	1	0	0
OR8K1	0	0	0	0	0	0	0	0	0	0	1
OR9G4	0	0	0	0	1	0	0	0	0	0	0
OR9Q1	0	0	0	1	0	0	0	0	0	0	0
OR9Q2	0	0	0	1	0	0	0	0	0	0	0
OSBPL10	0	0	1	0	0	0	0	0	0	0	0
OSBPL11	0	0	0	1	0	0	0	0	0	0	0
OSCAR	0	0	1	0	0	0	0	0	0	0	0
OSR2	0	0	0	0	0	0	0	0	0	0	0
OTOG	0	0	0	1	1	0	0	0	0	0	0
OTUD4	0	0	0	0	0	0	0	0	0	0	0
OTUD7A	0	0	0	0	0	0	0	0	0	0	0
OTX1	0	0	0	0	0	0	0	0	0	0	0
OVOL3	0	0	0	1	0	0	0	0	0	0	0
OXLD1	0	0	0	0	0	0	0	0	1	0	0
OXNAD1	0	0	0	0	0	0	0	0	1	0	0
P2RY14	0	0	0	1	0	0	0	0	0	0	0
PABPC4	0	1	0	0	0	0	0	0	0	0	0
PABPC4L	0	0	0	1	0	0	0	0	0	0	0
PADI3	0	0	0	0	0	1	0	0	0	0	0
PAK7	0	0	0	0	0	0	0	0	0	0	0
PALD1	0	0	0	0	0	0	0	0	0	0	0
PALM2	0	0	0	0	0	0	0	0	1	0	0
PAM	0	0	0	0	0	0	0	0	0	0	0
PANO	0	0	0	1	0	0	0	0	0	0	0
PAPL	0	0	0	0	0	0	0	0	0	0	1
PAPLN	0	0	0	0	0	0	0	0	0	0	0
PAPOLB	0	0	0	1	0	0	0	0	0	0	0
PAPPA	0	0	0	1	0	0	0	0	0	0	0
PAPPA2	0	0	0	0	0	0	0	1	0	0	0
PAQR4	0	0	0	0	0	0	0	0	0	0	0
PARP12	0	0	0	1	0	0	0	0	0	0	0
PARP15	0	1	0	0	0	0	0	0	0	0	0
PARP4	0	0	0	0	0	0	0	0	0	0	1
PARS2	0	0	0	1	0	0	0	0	0	0	0
PAXIP1	0	0	0	1	0	0	0	0	0	0	0
PBRM1	0	0	0	1	0	0	0	0	0	0	0
PC	0	1	0	0	0	0	0	0	0	0	0
PCBP1	0	1	0	0	0	0	0	0	0	0	0
PCBP3	0	0	0	1	0	0	0	0	0	0	0
PCDH1	0	0	0	1	0	0	0	0	0	0	0
PCDH10	0	0	0	1	0	0	0	0	0	0	0
PCDH18	0	0	0	0	0	0	0	0	0	0	0
PCDH20	0	0	0	1	0	0	0	0	0	0	0
PCDH7	0	0	0	0	0	0	0	0	0	0	0
PCDH8	0	0	0	0	1	0	0	0	0	0	0
PCDH9	0	0	0	1	0	0	0	0	0	0	0
PCDHA12	0	0	0	1	0	0	0	0	0	0	0
PCDHA13	0	0	1	0	0	0	0	0	0	0	0
PCDHA2	0	0	1	1	0	0	0	0	0	0	0
PCDHA4	0	0	0	0	0	0	0	0	0	0	0
PCDHA5	0	0	0	0	0	0	0	0	0	0	0
PCDHA6	1	0	0	0	0	0	0	0	0	0	0
PCDHA7	0	0	0	1	0	0	0	0	0	0	0
PCDHA8	0	0	0	0	0	0	0	0	0	0	0
PCDHB12	0	0	0	0	0	0	0	0	0	0	0
PCDHB15	0	0	0	0	0	0	0	0	0	0	0
PCDHB2	0	0	0	1	0	0	0	0	0	0	0
PCDHB3	0	0	1	1	0	0	0	0	0	0	0
PCDHB5	0	0	0	0	0	0	0	0	0	0	0
PCDHB6	0	0	0	0	0	0	0	0	0	0	0
PCDHGA11	0	0	0	1	0	0	0	0	0	0	0
PCDHGA2	0	0	0	0	0	0	0	0	0	0	1
PCDHGA6	0	0	0	0	0	0	0	0	0	0	0
PCDHGA7	0	0	0	0	0	0	0	0	0	0	0
PCDHGB3	0	0	0	0	0	0	0	0	0	0	1
PCDHGC3	0	0	1	0	0	0	0	0	0	0	0
PCF11	0	0	0	0	0	0	0	0	0	0	1
PCIF1	0	0	0	0	0	0	0	0	0	0	0
PCK1	0	0	0	0	0	0	0	0	0	0	0
PCK2	0	0	0	1	0	0	0	0	0	0	0
PCLO	0	0	0	0	0	0	0	0	0	0	0
PCM1	0	0	0	0	0	0	0	0	0	0	0
PCNXL3	0	0	0	1	0	0	0	0	0	0	0
PDCD6IP	0	0	0	0	0	0	0	0	0	0	0
PDE11A	0	0	0	1	0	0	0	0	0	0	0
PDE3A	0	0	0	0	0	0	0	0	0	0	0
PDE6A	0	0	0	1	0	0	0	0	0	0	0
PDIA3	0	0	0	0	0	0	0	0	0	0	0
PDIA4	0	0	0	0	0	0	0	0	0	0	0
PDILT	0	0	0	0	0	0	0	0	0	0	0
PDP1	0	0	0	0	1	0	0	0	0	0	0
PDZRN3	0	0	0	0	0	0	0	0	0	0	0
PDZRN4	0	0	0	1	0	0	0	0	0	0	0
PEAR1	0	0	0	0	0	0	0	0	0	0	0
PEG3	0	0	0	1	0	0	0	0	0	0	0
PEPD	0	0	0	1	0	0	0	0	0	0	0
PEX1	0	0	0	1	0	0	0	0	0	0	0
PEX11A	0	0	0	0	0	0	0	0	0	0	0
PFKFB3	0	0	0	0	1	0	0	0	0	0	0
PGK2	1	0	0	0	0	0	0	0	0	0	0
PGR	0	0	0	0	0	0	0	0	0	0	0
PHACTR3	0	0	0	0	0	0	0	0	0	0	0
PHF20	0	0	0	0	0	0	0	0	0	0	0
PHF20L1	0	0	0	0	0	0	0	0	0	0	0
PHF23	0	0	0	0	0	1	0	0	0	0	0
PHF7	0	0	0	0	0	0	0	0	0	0	0
PHOSPHO1	0	0	0	0	0	0	0	0	0	0	0
PHTF1	0	0	0	0	0	0	0	0	0	0	0
PI4K2B	0	0	1	0	0	0	0	0	0	0	0
PIANP	0	0	0	0	0	0	0	0	0	0	0
PIAS1	0	0	0	0	0	0	0	0	0	0	0
PIK3AP1	0	0	0	1	0	0	0	0	0	0	0
PIK3C2A	0	0	0	0	0	0	0	0	1	0	0
PIK3C2G	0	0	0	1	0	0	0	0	0	0	0
PIK3CA	0	0	0	1	0	1	0	0	0	0	0
PIK3CG	0	0	0	0	0	0	0	0	0	0	0
PIK3R5	0	0	0	1	0	0	0	0	0	0	0
PKD1	0	0	0	1	0	0	0	0	0	0	0
PKD1L2	0	1	0	0	0	0	0	0	0	0	0
PKHD1	0	0	0	1	0	0	0	0	0	0	0
PKHD1L1	0	0	0	0	0	0	0	0	0	0	1
PKP1	0	0	0	0	0	0	0	0	0	0	1
PKP3	0	0	0	1	0	0	0	0	0	0	0
PLA2G2F	0	0	0	1	0	0	0	0	0	0	0
PLA2G4A	0	0	0	0	0	0	0	0	0	0	0
PLAG1	0	0	0	1	0	0	0	0	0	0	0
PLAU	0	0	0	0	1	0	0	0	0	0	0
PLAUR	0	0	0	1	0	0	0	0	0	0	0
PLCB1	0	0	0	0	0	0	0	0	0	0	0
PLCH2	0	0	0	0	0	0	0	0	0	0	0
PLCZ1	0	0	0	0	0	0	0	0	0	0	1
PLEC	0	0	0	1	0	0	0	0	0	0	0
PLEKHA3	0	0	0	0	0	0	0	0	0	0	0
PLEKHF1	0	0	0	1	0	0	0	0	0	0	0
PLEKHG5	0	0	0	1	0	0	0	0	0	0	0
PLEKHH1	0	0	0	0	0	0	0	0	0	0	1
PLEKHH2	0	0	0	0	0	0	0	0	0	0	1
PLEKHM1	0	0	0	0	0	0	0	0	1	0	0
PLEKHM2	0	0	0	1	0	0	0	0	0	0	0
PLEKHO1	0	0	0	1	0	0	0	0	0	0	0
PLIN4	0	0	0	0	0	0	0	0	0	0	0
PLK4	0	0	0	0	0	0	0	0	0	0	0
PLXDC2	0	0	0	0	0	0	0	0	0	0	0
PLXNB1	0	1	0	0	0	0	0	0	0	0	0
PMVK	0	0	0	1	0	0	0	0	0	0	0
PNKD	0	0	0	0	0	0	0	0	0	0	0
PNKP	0	0	0	0	0	0	0	0	0	0	1
PNLDC1	0	0	0	0	0	0	0	0	0	0	0
PNMA1	0	1	0	0	0	0	0	0	0	0	0
PNPLA1	0	0	0	0	0	0	0	0	1	0	0
PNPLA6	0	0	0	0	0	1	0	0	0	0	0
PODXL	0	0	0	0	0	0	0	0	1	0	0
POGZ	0	0	0	0	0	0	0	0	0	0	0
POLDIP3	0	0	0	1	0	0	0	0	0	0	0
POLE	0	0	0	0	0	0	0	0	0	0	0
POLQ	0	0	0	1	0	0	0	0	0	0	0
POLR1B	0	0	0	0	0	0	1	0	0	0	0
POLR3C	0	0	0	1	0	0	0	0	0	0	0
POLRMT	0	0	0	1	0	0	0	0	0	0	0
POM121L12	0	0	0	0	0	0	0	0	0	0	1
POMT2	0	0	0	0	0	0	0	0	0	0	0
POTEA	0	0	0	0	0	0	0	0	0	0	1
POU5F1B	0	0	0	0	0	0	0	0	0	0	0
PPA1	0	0	0	0	0	0	0	0	0	0	0
PPARGC1B	0	0	0	1	0	0	0	0	0	0	0
PPFIA4	0	1	0	0	0	0	0	0	0	0	0
PPIG	0	0	0	1	0	0	0	0	0	0	0
PPIH	0	0	0	0	0	0	0	0	0	0	0
PPIP5K2	0	0	0	0	0	0	0	0	0	0	0
PPP1R32	0	0	0	0	0	0	0	0	0	0	0
PPP1R9A	0	0	0	0	0	0	0	0	0	0	1
PPP2R2C	0	0	0	0	1	0	0	0	0	0	0
PPP2R3C	0	0	0	0	0	0	0	0	0	0	0
PPP2R4	0	0	0	1	0	0	0	0	0	0	0
PPP6R2	0	0	0	0	0	0	0	0	0	0	0
PRAMEF2	0	0	0	1	0	0	0	0	0	0	0
PRDM1	0	0	0	1	0	0	0	0	0	0	0
PRDM13	0	0	0	0	0	0	0	0	0	0	1
PRDM9	0	0	0	0	0	0	0	0	0	0	0
PRELP	0	0	1	0	0	0	0	0	0	0	0
PRF1	0	0	0	0	1	0	0	0	0	0	0
PRH2	0	0	0	0	0	0	0	0	0	0	0
PRIM2	0	0	0	1	0	0	0	0	0	0	0
PRKAG3	0	0	0	0	0	0	0	0	0	0	0
PRKCB	0	0	0	0	0	0	0	0	0	0	0
PRKCD	0	0	0	1	0	0	0	0	0	0	0
PRKCE	0	0	0	1	0	0	0	0	0	0	0
PRKG1	0	0	0	0	0	0	0	0	0	0	0
PRKG2	0	0	0	0	0	0	0	0	0	0	0
PRLHR	0	0	1	0	0	0	0	0	0	0	0
PRMT8	0	0	0	0	0	0	0	0	0	0	0
PROB1	0	0	0	0	0	0	0	0	0	0	0
PROKR2	0	0	0	1	0	0	0	0	0	0	0
PROM2	0	0	0	0	0	0	0	0	0	0	0
PROX2	0	0	0	0	0	0	0	0	0	0	0
PROZ	0	0	0	1	0	0	0	0	0	0	0
PRPF4	0	0	0	0	0	0	0	0	0	0	0
PRPS1L1	0	0	0	0	0	0	0	0	0	0	0
PRR23B	0	0	0	0	0	0	0	0	0	0	0
PRRC2B	0	0	0	1	0	0	0	0	0	0	0
PRRT4	0	0	0	1	0	0	0	0	0	0	0
PRSS21	0	0	0	1	0	0	0	0	0	0	0
PRSS54	0	0	0	0	0	0	0	0	0	0	0
PRSS58	0	0	0	0	0	0	0	0	0	0	0
PRSS8	0	0	0	1	0	0	0	0	0	0	0
PRUNE2	0	0	0	0	0	0	0	0	0	0	0
PSD	0	0	1	0	0	0	0	0	0	0	0
PSD4	0	0	0	0	0	0	0	0	0	0	0
PSENEN	0	0	0	1	0	0	0	0	0	0	0
PSG8	0	0	0	0	0	0	0	0	0	0	0
PSMB11	0	0	0	0	0	0	0	0	0	0	0
PSMD6	0	0	0	0	0	0	0	0	0	0	0
PSME4	0	0	0	0	0	0	0	0	0	0	1
PSTPIP1	0	0	0	0	0	0	0	0	0	0	0
PTAFR	0	0	0	0	0	0	0	0	0	0	0
PTCRA	0	0	0	1	0	0	0	0	0	0	0
PTPN1	0	0	0	1	0	0	0	0	0	0	0
PTPN13	0	0	0	1	0	0	0	0	0	0	1
PTPN18	0	0	0	0	0	0	0	0	0	0	0
PTPN21	0	0	0	1	0	0	0	0	0	0	0
PTPRA	0	0	0	1	0	0	0	0	0	0	0
PTPRB	0	0	0	1	0	0	0	0	0	0	0
PTPRQ	0	0	0	0	0	0	0	0	0	0	0
PTPRS	0	0	0	0	0	0	0	0	0	0	1
PTPRT	0	0	0	1	0	1	0	0	0	0	0
PXDN	0	0	0	1	0	0	0	0	0	0	0
PYCR1	0	0	0	1	1	0	0	0	0	0	0
PYGL	0	0	0	0	0	0	0	0	0	0	0
PYHIN1	0	0	0	0	0	0	1	0	0	0	0
QARS	0	1	0	0	0	0	0	0	0	0	0
QSOX1	0	0	0	0	0	0	0	0	0	0	1
R3HCC1	0	0	0	0	1	0	0	0	0	0	0
R3HDM1	0	0	0	0	0	0	0	0	0	0	0
RAB11FIP2	0	0	0	0	0	0	0	0	0	0	0
RAB11FIP5	0	0	0	0	0	0	0	0	0	0	0
RAB14	0	0	0	1	0	0	0	0	0	0	0
RAB22A	0	0	0	0	0	0	0	0	0	0	0
RAB38	0	0	0	0	0	1	0	0	0	0	0
RAB7A	0	0	0	0	0	0	0	0	0	0	0
RAD54L	0	0	0	0	0	0	0	0	0	0	0
RALGAPA1	0	0	0	1	0	0	0	0	0	0	0
RALGAPA2	0	0	0	0	0	0	0	0	0	0	0
RALGAPB	0	0	0	1	0	0	0	0	0	0	0
RAMP3	0	0	0	0	0	0	0	0	1	0	0
RANBP17	0	0	0	0	0	0	0	0	0	0	0
RANBP2	0	0	0	0	0	0	0	0	0	0	0
RANBP3	0	0	0	1	0	0	0	0	0	0	0
RAPGEFL1	0	0	0	1	0	0	0	0	0	0	0
RAPH1	0	0	0	0	0	0	0	0	0	0	0
RASAL2	0	0	0	0	0	0	0	0	0	0	0
RASGEF1B	0	0	0	0	0	0	0	0	0	0	0
RASGRF2	0	0	0	0	0	0	0	0	0	0	0
RASIP1	0	0	1	0	0	0	0	0	0	0	0
RASSF7	0	0	0	1	0	0	0	0	0	0	0
RASSF9	0	0	0	0	0	0	0	0	0	0	0
RBFA	0	0	0	1	0	0	0	0	0	0	0
RBM33	0	0	0	0	0	0	0	0	0	0	0
RCBTB2	0	0	0	0	0	1	0	0	0	0	0
RCSD1	0	0	0	0	0	0	0	0	0	0	0
RDH14	0	0	0	0	1	0	0	0	0	0	0
RECQL5	0	0	0	1	0	0	0	0	0	0	0
RELN	0	0	0	1	0	0	0	0	0	0	0
REPIN1	0	0	0	0	0	0	0	0	0	0	0
REPS1	0	0	0	0	0	0	0	0	0	0	0
RFC4	0	0	0	0	0	0	0	0	0	0	0
RFTN1	0	0	0	0	0	0	0	0	0	0	0
RFTN2	0	0	0	0	0	0	0	0	0	0	0
RFX1	0	0	0	0	0	0	0	0	0	0	0
RFX2	0	0	0	0	0	0	0	0	0	0	0
RFX3	0	0	0	1	0	0	0	0	0	0	0
RGL1	0	0	0	0	0	0	0	0	0	0	1
RGS12	0	0	0	1	0	0	0	0	0	0	0
RGS14	0	0	0	0	0	0	0	0	0	0	0
RGS3	0	0	0	1	0	0	0	0	0	0	0
RHNO1	0	0	0	0	0	0	0	0	0	0	0
RHPN1	0	0	0	0	1	0	0	0	0	0	0
RHPN2	0	0	0	1	0	0	0	0	0	0	0
RICTOR	0	0	0	1	0	0	0	0	0	0	0
RIMKLB	0	0	0	0	0	0	0	0	0	0	0
RIMS1	0	1	0	0	0	0	0	0	0	0	0
RIMS2	0	0	0	0	1	0	0	0	0	0	0
RIN1	0	0	0	0	0	0	0	0	1	0	0
RNF148	0	0	0	1	0	0	0	0	0	0	0
RNF157	0	0	0	0	0	0	1	0	0	0	0
RNF169	0	0	0	0	0	0	0	0	0	0	0
RNF180	0	0	0	0	0	0	0	0	0	0	1
RNF213	0	0	0	1	0	0	0	0	0	0	0
RNF220	0	0	0	0	0	0	0	0	0	0	0
RNF222	0	0	1	0	0	0	0	0	0	0	0
RNF43	0	0	0	0	0	0	0	0	0	0	0
RNPC3	0	0	0	0	0	0	0	0	0	0	0
ROBO1	0	0	0	0	0	0	0	0	1	0	0
ROBO3	0	0	0	1	0	0	0	0	0	0	0
RP1	0	1	0	0	0	0	0	0	0	0	0
RPAP1	0	1	0	0	0	0	0	0	0	0	0
RPEL1	0	0	0	0	1	0	0	0	0	0	0
RPGRIP1L	0	0	0	1	0	0	1	0	0	0	0
RPL28	0	0	0	1	0	0	0	0	0	0	0
RPRD1B	0	0	0	0	1	0	0	0	0	0	0
RPS6KA1	0	0	0	1	0	0	0	0	0	0	0
RPS6KA2	0	0	0	0	0	0	0	0	1	0	0
RPTOR	0	0	0	0	0	0	1	0	0	0	0
RPUSD3	0	0	0	1	0	0	0	0	0	0	0
RRAS	0	0	0	0	0	0	0	0	0	0	0
RSF1	0	0	0	0	0	0	0	0	0	0	0
RSL1D1	0	0	0	0	0	0	0	0	1	0	0
RTP1	0	0	1	0	0	0	0	0	0	0	0
RTTN	0	0	1	0	0	0	0	0	0	0	0
RUFY4	0	0	0	0	0	0	0	0	0	0	0
RYR1	1	0	1	0	0	1	0	0	0	0	0
RYR2	0	0	1	1	0	0	0	1	0	0	0
S1PR3	0	0	0	0	0	0	0	0	0	0	0
SAFB2	0	0	0	0	0	0	0	0	0	0	0
SALL1	0	0	0	0	0	0	0	0	0	0	0
SALL2	0	0	0	0	0	0	0	0	0	0	0
SALL3	1	0	0	0	0	0	0	0	0	0	0
SAMD1	0	0	0	1	0	0	0	0	0	0	0
SAMD14	0	0	0	0	0	0	0	0	0	0	0
SAMD7	0	0	0	0	0	0	0	0	0	0	0
SAP18	0	0	0	0	0	0	0	0	1	0	0
SARS	0	0	0	1	0	0	0	0	0	0	0
SART1	0	0	0	0	0	0	0	0	0	0	0
SASH1	0	0	0	0	0	0	0	0	0	0	0
SATB1	0	0	0	0	0	0	0	0	0	0	0
SBF1	0	0	0	1	0	0	0	0	0	0	0
SBK2	0	1	0	0	0	0	0	0	0	0	0
SBNO2	0	0	0	1	0	0	0	0	0	0	0
SCARA5	0	0	0	0	0	0	0	0	0	0	0
SCD5	0	0	0	0	0	0	0	0	0	0	0
SCG2	0	0	0	0	1	0	0	0	0	0	0
SCN11A	0	0	0	0	0	0	0	0	0	0	0
SCN1A	0	0	0	0	1	0	0	0	0	0	0
SCN3A	0	0	0	0	0	0	1	0	0	0	0
SCN4A	0	0	0	0	0	0	0	0	0	0	0
SCPEP1	0	1	0	0	0	0	0	0	0	0	0
SDCCAG8	0	0	0	0	0	0	0	0	0	0	0
SDHAF2	0	0	0	0	0	0	0	0	0	0	0
SDHB	0	0	0	1	0	0	0	0	0	0	0
SDK1	0	0	0	0	0	0	0	0	0	0	0
SDK2	0	0	0	0	0	0	0	0	0	0	0
SEC13	0	0	0	0	0	0	0	0	0	0	0
SEC14L6	0	0	0	0	0	1	0	0	0	0	0
SEC22C	0	0	0	0	1	0	0	0	0	0	0
SEMA3B	0	0	0	1	0	0	0	0	0	0	0
SEMA4D	0	1	0	0	0	0	0	0	0	0	0
SEMA5A	0	0	0	1	0	0	0	0	1	0	0
SEPHS1	0	0	0	0	0	0	0	0	0	0	0
SEPT10	0	0	0	0	0	0	0	0	0	0	0
SEPT14	0	0	0	0	0	0	0	0	0	0	0
SEPT3	0	0	0	0	0	0	0	0	0	0	0
SERPINA3	0	1	0	0	0	0	0	0	0	0	0
SERPINE3	0	0	0	0	0	0	0	0	0	0	0
SESTD1	0	1	0	0	0	0	0	0	0	0	0
SETD1B	0	0	0	1	0	0	0	0	0	0	0
SEZ6	0	0	0	0	0	0	0	0	0	0	0
SEZ6L2	0	0	1	0	0	0	0	0	0	0	0
SF3B2	0	0	0	1	0	0	0	0	0	0	0
SFRP2	0	0	0	0	0	0	0	0	0	0	0
SFRP4	0	0	0	0	0	0	0	0	1	0	0
SFTPC	0	0	0	0	0	1	0	0	0	0	0
SGCG	0	1	0	0	0	0	0	0	0	0	0
SGPP2	0	0	0	1	0	0	0	0	0	0	0
SH2D4B	0	0	0	0	0	0	0	0	0	0	0
SH3BP2	0	0	0	0	0	0	0	0	0	0	0
SH3BP4	0	0	0	0	0	0	0	0	0	0	0
SHANK1	0	0	0	1	0	0	0	0	0	0	0
SHANK2	0	0	0	0	0	0	0	1	0	0	0
SI	0	0	0	0	0	0	0	0	0	0	0
SIDT1	0	0	0	1	0	0	0	0	0	0	0
SIGLEC1	0	0	0	0	0	0	0	0	0	0	0
SIGLEC5	1	0	0	0	0	0	0	0	0	0	0
SIGLECL1	0	0	0	1	0	0	0	0	0	0	0
SIK2	0	0	0	0	0	0	0	0	0	0	0
SIK3	0	0	0	1	0	0	0	0	0	0	0
SIL1	0	0	0	1	0	0	0	0	0	0	0
SIN3B	0	0	0	0	0	0	0	0	0	0	0
SIPA1	0	0	0	1	0	0	0	0	0	0	0
SIPA1L2	0	0	0	0	0	0	0	0	0	0	0
SIPA1L3	0	1	0	0	0	0	0	0	0	0	0
SIX2	0	0	1	0	0	0	0	0	0	0	0
SKIV2L	0	0	0	0	0	0	0	0	0	0	0
SLC10A2	0	0	0	0	0	0	0	0	0	0	0
SLC11A2	0	0	1	0	0	0	0	0	0	0	0
SLC16A1	0	0	0	1	0	0	0	0	0	0	0
SLC1A6	0	0	0	0	0	0	0	0	0	0	0
SLC22A24	0	0	0	0	0	0	0	0	0	0	0
SLC22A25	0	0	0	0	0	0	0	0	0	0	0
SLC25A13	0	0	0	0	0	1	0	0	0	0	0
SLC25A29	0	0	0	0	0	0	0	0	0	0	0
SLC25A45	0	0	0	1	0	0	0	0	0	0	0
SLC25A48	0	0	0	0	0	0	0	0	1	0	0
SLC28A3	0	0	0	0	0	0	0	0	0	0	0
SLC2A12	0	0	0	1	0	0	0	0	0	0	0
SLC2A14	0	0	0	0	0	0	1	0	0	0	0
SLC30A3	0	0	0	0	0	0	0	0	0	0	0
SLC31A2	0	0	0	0	0	0	0	0	1	0	0
SLC32A1	0	0	0	0	0	0	0	0	0	0	0
SLC35C2	0	0	0	1	0	0	0	0	0	0	0
SLC35D3	0	0	0	1	0	0	0	0	0	0	0
SLC35F1	0	0	0	0	0	0	0	0	0	0	0
SLC35F3	0	0	0	0	0	0	0	0	0	0	1
SLC35G5	0	0	0	0	0	0	0	0	0	0	1
SLC35G6	0	0	0	0	0	0	0	0	0	0	0
SLC36A1	0	0	0	0	0	0	0	0	0	0	0
SLC39A9	0	0	0	1	0	0	0	0	0	0	0
SLC43A2	0	0	0	0	0	0	0	0	0	0	0
SLC44A4	0	0	0	0	0	0	0	0	0	0	0
SLC4A8	0	0	0	1	0	0	0	0	0	0	0
SLC4A9	0	0	0	0	0	0	0	0	0	0	0
SLC52A1	0	0	0	0	0	0	0	0	0	0	0
SLC5A5	0	0	0	1	0	0	0	0	0	0	0
SLC5A7	0	0	0	0	0	0	0	0	0	0	0
SLC6A1	0	0	0	0	0	0	0	0	0	0	0
SLC6A13	0	0	0	1	0	0	0	0	0	0	0
SLC6A5	0	0	0	1	0	0	0	0	0	0	0
SLC8A1	0	0	0	0	0	0	0	0	0	0	0
SLC9A1	0	0	0	0	0	0	0	0	1	0	0
SLC9A5	0	0	0	1	0	0	0	0	0	0	0
SLC9B1	0	0	0	0	0	0	0	0	0	0	0
SLCO3A1	0	0	0	0	0	0	0	0	0	0	0
SLCO5A1	0	0	0	1	0	0	0	0	0	0	0
SLFN12L	0	0	0	0	0	0	0	0	1	0	0
SLFN5	0	0	0	0	0	0	0	0	0	0	0
SLITRK5	0	0	0	0	0	0	0	0	0	0	0
SLITRK6	0	0	0	0	0	0	0	0	0	0	1
SLX4	0	0	0	0	0	0	0	0	0	0	0
SMAD1	0	0	0	1	0	0	0	0	0	0	0
SMAD2	0	0	0	0	0	0	0	0	0	0	0
SMARCA4	0	0	0	1	0	0	0	0	0	0	1
SMC4	0	0	0	0	0	0	0	0	0	0	0
SMC6	0	0	0	0	0	0	0	0	0	0	0
SMCR8	0	0	0	1	0	0	0	0	0	0	0
SMG1	0	0	0	1	0	0	0	0	0	0	0
SMG6	0	0	0	0	0	0	0	0	0	0	0
SMOC1	0	0	0	0	0	0	0	0	0	0	0
SMOC2	0	0	0	0	0	0	0	0	0	0	0
SMPD3	0	0	0	0	0	0	0	0	0	0	0
SMTN	0	0	0	0	0	0	0	0	0	0	0
SMTNL1	0	0	0	0	1	0	0	0	0	0	0
SMURF1	0	0	0	0	0	0	0	0	0	0	0
SMYD1	0	0	0	0	0	0	0	0	0	0	0
SNF8	0	0	0	0	0	0	0	0	0	0	1
SNIP1	0	0	0	1	0	0	0	0	0	0	0
SNPH	0	0	0	1	0	0	0	0	0	0	0
SNRNP200	0	0	0	0	0	0	0	0	0	0	0
SNRPB	0	0	0	0	0	0	0	0	0	0	1
SNRPB2	0	0	0	0	0	0	0	0	1	0	0
SNTG1	0	0	0	0	0	0	0	0	0	0	0
SNTG2	0	0	0	0	0	0	0	0	0	0	0
SNX13	0	0	0	0	0	0	0	0	1	0	0
SNX16	0	0	0	0	0	0	0	0	0	0	0
SNX4	0	0	0	1	0	0	0	0	0	0	0
SOBP	0	0	0	0	0	0	0	0	0	0	1
SOCS5	0	0	0	0	0	0	0	0	0	0	0
SOGA1	0	0	0	0	0	0	0	0	0	0	0
SORBS2	0	0	0	1	0	0	0	0	0	0	0
SORCS1	0	0	0	0	1	0	0	0	0	0	0
SORCS3	0	0	0	0	0	0	0	0	0	0	0
SOX11	0	0	0	0	0	0	1	0	0	0	0
SOX18	0	0	0	0	0	0	0	0	0	0	0
SP140	0	1	0	0	0	0	0	0	0	0	0
SP4	0	0	0	0	0	0	0	0	0	0	0
SPAG16	0	1	0	0	0	0	0	0	0	0	0
SPAG17	0	0	0	0	0	0	0	0	0	0	0
SPAG5	0	0	0	1	0	0	0	0	0	0	0
SPAG9	0	0	0	0	0	0	0	0	0	0	0
SPATA16	0	0	0	0	0	1	0	0	0	0	0
SPATA18	0	0	0	1	0	0	0	0	0	0	0
SPATA25	0	0	0	1	0	0	0	0	0	0	0
SPATA31C1	0	0	0	0	0	0	0	0	0	0	0
SPDYE4	0	0	0	1	0	0	0	0	0	0	0
SPEG	0	0	0	1	0	0	0	0	0	0	0
SPEN	0	0	0	0	0	0	0	1	0	0	0
SPERT	0	0	0	1	0	0	0	0	0	0	0
SPG20	0	0	0	1	0	0	0	0	0	0	0
SPINT1	0	0	0	1	0	0	0	0	0	0	0
SPNS3	0	0	0	0	0	0	0	0	0	0	0
SPOCK3	0	0	0	0	0	0	0	0	1	0	0
SPTA1	0	0	1	0	0	0	0	0	0	0	0
SPTB	0	0	0	0	0	0	0	0	0	0	0
SPTBN2	1	0	0	0	0	0	0	0	1	0	0
SPTBN4	0	0	0	0	0	0	0	0	0	0	0
SPTBN5	0	0	0	1	0	0	0	0	0	0	0
SRD5A3	0	0	0	0	0	0	0	0	0	0	0
SREK1	0	0	0	0	0	0	0	0	0	0	0
SRPR	0	0	0	1	0	0	0	0	0	0	0
SRRM2	1	0	0	1	0	0	0	0	0	0	0
SSPO	1	1	0	0	0	0	0	0	0	0	0
SSTR4	0	0	0	0	0	0	0	0	0	0	0
ST6GALNAC5	0	0	1	0	0	0	0	0	0	0	0
ST7	0	0	0	1	0	0	0	0	0	0	0
STAB1	0	0	0	1	0	0	0	0	0	0	0
STAB2	0	0	0	0	0	0	0	0	0	0	0
STAC	0	0	0	0	0	0	0	1	0	0	0
STAR	0	0	0	0	0	0	0	0	0	0	0
STARD4	0	0	0	1	0	0	0	0	0	0	0
STAT5B	0	0	0	0	0	0	0	0	0	0	0
STK32B	0	0	0	0	0	0	0	0	0	0	0
STMND1	0	0	0	0	0	0	0	0	0	0	0
STON1-GTF2A1L	0	0	0	0	0	0	0	0	0	0	0
STOX2	0	0	0	0	0	0	0	0	0	0	0
STPG2	0	0	0	0	1	0	0	0	0	0	0
STRN4	0	0	0	1	0	0	0	0	0	0	0
STX4	0	0	0	1	0	0	0	0	0	0	0
STXBP1	0	0	0	1	0	0	0	0	0	0	0
STXBP5	0	0	0	0	0	0	0	0	0	0	0
STXBP5L	0	0	0	0	0	0	0	0	0	0	0
SULF1	0	0	0	0	0	0	0	0	0	0	0
SULF2	0	0	0	0	0	0	0	0	0	0	1
SULT1C2	0	0	0	0	0	0	0	0	0	0	1
SUMO4	0	0	0	0	0	0	0	0	0	0	0
SUPT16H	0	0	0	0	0	0	0	0	0	0	0
SUPT20H	0	0	0	0	0	0	0	0	0	0	0
SUPT6H	0	0	0	0	0	0	0	0	0	0	0
SUV39H2	0	0	0	0	0	0	0	0	0	0	0
SV2C	0	0	0	0	0	0	0	0	0	0	0
SYDE1	0	0	1	0	0	0	0	0	0	0	0
SYN3	0	0	0	0	0	0	0	0	0	0	0
SYNDIG1L	0	0	0	0	0	0	0	0	0	0	0
SYNE1	0	0	0	1	0	0	0	0	0	0	0
SYNE2	0	1	0	1	0	0	0	0	0	0	0
SYNGR3	0	0	0	0	0	0	0	0	0	0	0
SYNPR	0	0	0	0	0	0	0	0	1	0	0
SYTL3	0	0	0	1	0	0	0	0	0	0	0
SZT2	0	0	0	1	0	0	0	0	0	0	0
T	0	0	0	1	0	0	0	0	0	0	0
TAF10	0	1	0	0	0	0	0	0	0	0	0
TAF15	0	0	1	0	0	0	0	0	0	0	0
TAF1B	0	0	0	0	0	0	0	0	0	0	0
TAF1L	0	0	0	0	0	1	0	0	0	0	0
TAF6	0	0	0	1	0	0	0	0	0	0	1
TAOK1	0	0	0	0	0	0	0	0	0	0	0
TAP1	0	0	0	0	0	0	0	0	0	0	0
TARS2	0	0	0	1	0	0	0	0	0	0	0
TAS2R60	0	0	0	1	0	0	0	0	0	0	0
TBC1D22B	0	0	0	0	0	0	0	0	0	0	0
TBC1D2B	0	0	0	0	0	0	0	0	0	0	0
TBC1D30	0	0	0	0	0	0	0	0	0	0	0
TBC1D9	0	0	0	0	0	0	0	0	0	0	0
TBC1D9B	0	0	0	0	0	0	0	0	0	0	0
TBCD	0	0	0	0	0	0	0	0	0	0	0
TBCE	0	0	0	1	0	0	0	0	0	0	0
TBKBP1	0	0	0	1	0	0	0	0	1	0	0
TBXA2R	0	0	0	1	0	0	0	0	0	0	0
TCERG1L	0	0	0	0	0	0	0	0	0	0	0
TCF7L2	0	0	0	0	0	0	0	0	0	0	0
TCHH	0	0	0	1	0	0	0	0	0	0	0
TCIRG1	0	0	0	1	0	0	0	0	0	0	0
TCP10	0	0	0	0	0	0	1	0	0	0	0
TCP10L2	0	0	0	0	0	0	0	0	0	0	0
TDRD5	0	0	0	0	0	0	0	0	0	0	0
TDRD9	0	0	0	1	0	0	0	0	0	0	0
TECPR1	0	0	0	0	0	0	0	0	0	0	0
TECPR2	0	0	0	1	0	0	0	0	0	0	0
TEKT1	0	0	0	1	0	0	0	0	0	0	0
TENM3	0	0	0	0	0	0	0	0	1	0	0
TENM4	0	0	1	0	0	0	0	0	0	0	0
TEP1	0	0	0	0	0	0	0	0	0	0	1
TESC	0	0	0	0	0	0	0	0	0	0	1
TET1	0	0	1	0	0	0	0	0	0	0	0
TET2	0	0	0	0	1	0	0	0	0	0	0
TEX26	0	0	0	0	0	0	0	0	0	0	0
TFAP2D	0	1	0	0	0	0	0	0	0	0	0
TFPI2	0	0	0	0	0	0	0	0	0	0	0
TG	0	0	1	1	0	0	0	0	0	0	0
TGIF1	0	1	0	0	0	0	0	0	0	0	0
THAP5	0	0	0	0	0	0	0	0	0	0	0
THAP9	0	0	0	0	0	0	0	0	0	0	0
THBS2	0	0	0	0	0	0	0	0	0	0	0
THEG5	0	0	0	0	0	0	0	0	0	0	0
THEMIS	0	1	0	0	0	0	0	0	0	0	0
THEMIS2	0	0	0	0	0	0	0	0	0	0	0
THOP1	0	0	0	1	0	0	0	0	0	0	0
THRAP3	0	0	0	0	0	0	0	0	0	0	0
TIAM2	0	0	0	0	0	0	0	0	0	0	0
TIE1	0	0	0	0	0	0	0	0	0	0	0
TIMELESS	0	0	0	1	0	0	0	0	0	0	0
TIMM22	0	0	0	0	0	0	0	0	0	0	1
TJAP1	0	0	0	0	0	0	0	0	0	0	0
TJP2	0	0	0	1	0	0	0	0	0	0	0
TJP3	0	0	0	0	0	0	0	0	0	0	1
TKTL2	0	0	0	0	0	0	0	0	0	0	0
TLN2	0	0	0	1	0	0	0	0	0	0	0
TLR4	0	0	0	0	0	0	0	0	0	0	0
TLR9	0	0	0	0	0	0	0	0	0	0	0
TM4SF1	0	0	0	0	0	0	0	0	0	0	0
TM9SF2	0	1	0	0	0	0	0	0	0	0	0
TM9SF4	0	0	0	0	0	0	1	0	0	0	0
TMCC2	0	1	0	0	0	0	0	0	0	0	0
TMEM117	0	0	0	1	0	0	0	0	0	0	0
TMEM131	0	0	0	1	0	0	0	0	0	0	0
TMEM132B	0	0	0	0	0	0	0	0	0	0	0
TMEM151A	0	0	0	1	0	0	0	0	0	0	0
TMEM180	0	0	0	0	0	0	0	0	0	0	0
TMEM198	0	0	0	0	0	0	0	0	0	0	0
TMEM2	0	0	0	0	0	0	0	0	0	0	0
TMEM213	0	0	0	0	0	0	0	0	0	0	0
TMEM39A	0	0	0	1	0	0	0	0	0	0	0
TMEM63A	0	0	0	0	0	0	0	0	0	0	0
TMEM87B	0	0	0	0	0	0	0	0	0	0	0
TMEM99	0	0	0	0	0	0	0	0	0	0	0
TMEM9B	0	0	0	1	0	0	0	0	0	0	0
TMPRSS15	0	0	0	0	0	0	0	0	1	0	0
TMPRSS3	0	0	0	0	0	0	0	0	0	0	0
TMTC3	0	0	1	0	0	0	0	0	0	0	0
TMTC4	0	0	0	1	0	0	0	0	0	0	0
TNC	0	0	0	0	0	0	0	0	0	0	1
TNFAIP2	0	0	0	1	0	0	0	0	0	0	0
TNK2	0	0	0	0	0	0	0	0	0	0	0
TNKS2	0	0	0	1	0	0	0	0	0	0	0
TNN	0	0	0	0	0	0	0	0	0	0	1
TNXB	0	0	0	0	0	0	0	0	0	0	0
TOMM70A	0	0	0	0	0	0	0	0	1	0	0
TOP2B	0	0	0	0	0	0	0	0	0	0	0
TOPAZ1	0	0	1	0	0	0	0	0	0	0	1
TOPBP1	0	0	0	0	0	0	0	0	0	0	1
TP53	0	0	1	0	0	0	0	0	1	0	0
TP63	0	0	0	0	0	0	0	0	0	0	1
TP73	0	0	0	0	0	1	0	0	0	0	0
TPO	0	0	0	0	0	0	0	0	0	0	0
TPPP	0	0	0	1	0	0	0	0	0	0	0
TPTE2	0	0	0	0	0	0	0	0	0	0	0
TRANK1	0	0	0	0	0	0	0	0	0	0	0
TRIB2	0	0	0	0	0	0	0	0	0	0	0
TRIM2	0	0	0	1	0	0	0	0	0	0	0
TRIM29	0	0	0	1	0	0	0	0	0	0	0
TRIM63	0	0	0	0	0	0	0	0	0	0	0
TRIM64C	0	0	0	0	1	0	0	0	0	0	0
TRIM72	0	0	0	1	0	0	0	0	0	0	0
TRIM9	0	0	0	0	0	0	0	0	0	0	0
TRIO	0	0	0	0	1	0	0	0	0	0	0
TRIP12	0	0	0	0	0	0	0	0	1	0	0
TRMT11	0	0	0	1	0	0	0	0	0	0	0
TROVE2	0	0	0	1	0	0	0	0	0	0	0
TRPC4	0	0	0	0	1	0	0	0	0	0	0
TRPM2	0	0	0	1	0	0	0	0	0	0	0
TRPM3	0	0	0	0	0	0	0	0	0	0	0
TRPM4	0	0	0	0	1	0	0	0	0	0	0
TRPS1	1	0	0	1	0	0	0	0	0	0	0
TRPV6	0	0	0	0	0	0	0	0	0	0	0
TRRAP	0	0	0	0	0	0	0	0	0	0	0
TSC22D2	0	0	0	0	0	0	0	0	1	0	0
TSC22D4	0	0	0	1	0	0	0	0	0	0	0
TSGA13	0	0	0	0	0	0	0	0	0	0	0
TSHR	0	0	0	0	0	0	0	0	0	0	0
TSHZ1	0	0	0	0	0	0	0	0	0	0	0
TSHZ3	0	0	0	0	0	0	0	0	0	0	1
TSPAN14	1	0	0	0	0	0	0	0	0	0	0
TSSK2	0	1	0	0	0	0	0	0	0	0	0
TSSK6	0	0	0	0	0	0	0	0	0	0	0
TSTA3	0	0	0	0	0	0	0	0	0	0	0
TTC21A	0	0	1	0	0	0	0	0	0	0	0
TTC26	0	1	0	0	0	0	0	0	0	0	0
TTC27	0	0	0	0	0	0	0	0	0	0	1
TTC28	0	0	0	0	0	0	0	0	0	0	0
TTC39A	0	0	0	1	0	0	0	0	0	0	0
TTC40	0	0	0	0	0	0	0	0	0	0	0
TTI1	0	0	0	1	0	0	0	0	0	0	0
TTLL11	0	0	0	0	0	0	0	0	0	0	0
TTN	0	0	0	1	1	1	0	0	0	0	1
TTYH2	0	0	0	1	0	0	0	0	0	0	0
TUBA3C	0	0	0	0	0	0	0	0	0	0	0
TUBA4A	0	0	0	0	0	0	0	0	0	0	0
TUBB4A	0	0	0	1	0	0	0	0	0	0	0
TUBD1	0	0	1	0	0	0	0	0	0	0	0
TUBGCP4	0	0	0	1	0	0	0	0	0	0	0
TUFT1	0	0	0	1	0	0	0	0	0	0	0
TULP3	0	0	0	0	0	0	0	0	0	0	1
TULP4	0	0	0	0	0	0	0	0	0	0	0
TVP23C	0	0	0	0	0	0	0	0	0	0	0
TYW1	0	1	0	0	0	0	0	0	0	0	0
UACA	0	0	0	0	0	0	0	0	0	0	0
UBAP1L	0	0	0	1	0	0	0	0	0	0	0
UBE3C	0	0	0	1	0	0	0	0	0	0	0
UBE4B	0	0	0	0	0	1	0	0	0	0	0
UBLCP1	0	0	0	1	0	0	0	0	0	0	0
UBQLNL	0	0	0	0	0	0	0	0	0	0	0
UBR2	0	0	0	0	0	0	0	0	0	0	0
UBR5	0	0	0	1	0	0	1	0	0	0	0
UGT2B4	0	0	0	0	0	0	0	0	0	0	1
UGT2B7	0	0	0	0	0	0	0	0	0	0	0
UGT3A1	0	0	0	0	0	0	0	0	0	0	0
UGT3A2	0	0	0	0	0	0	0	0	1	0	0
UHRF1BP1L	0	0	0	0	0	0	0	0	0	0	0
ULK1	0	0	0	1	0	0	0	0	0	0	0
URB2	0	0	0	0	0	0	0	0	0	0	0
USH2A	0	0	0	0	0	0	0	0	0	0	0
USHBP1	0	0	0	1	0	0	0	0	0	0	0
USP10	0	0	0	0	0	0	0	0	0	0	0
USP20	0	0	0	0	0	0	0	0	0	0	0
USP22	0	0	0	1	0	0	0	0	0	0	0
USP28	0	0	0	0	0	0	0	0	0	0	0
USP30	0	0	0	0	0	0	0	0	0	0	0
USP35	0	0	0	0	0	0	0	0	0	0	0
USP40	0	1	0	0	0	0	0	0	0	0	0
USP47	0	0	0	0	0	0	0	0	0	0	0
USP6	0	0	0	0	0	0	0	0	0	0	1
UST	0	0	0	0	0	0	0	0	0	0	0
UTRN	0	0	0	0	0	0	0	0	0	0	0
VAV1	0	0	0	1	0	0	0	0	0	0	0
VAV3	0	0	0	0	0	0	0	0	0	0	0
VCAM1	0	0	0	0	0	0	0	1	0	0	0
VCL	0	0	0	1	0	0	0	0	0	0	0
VDR	1	0	0	0	0	0	0	0	0	0	0
VEPH1	0	0	1	0	0	0	0	0	0	0	0
VGLL4	0	0	0	1	0	0	0	0	0	0	0
VNN2	0	1	0	0	0	0	1	0	0	0	0
VPS13A	0	0	0	1	0	0	0	0	0	0	0
VPS13B	0	0	0	1	0	0	0	0	0	0	0
VPS8	0	0	0	0	0	0	0	0	1	0	0
VRK2	0	0	0	0	0	0	0	0	0	0	0
VRK3	0	1	0	0	0	0	0	0	0	0	0
VSTM4	0	0	0	0	0	0	0	0	0	0	0
VWA3B	0	0	0	1	0	0	0	0	0	0	0
VWA5B1	0	0	0	1	0	0	0	0	0	0	0
VWA5B2	0	0	0	0	0	0	0	0	1	0	0
VWA8	0	0	0	0	0	0	0	0	0	0	0
WASL	0	0	0	0	0	0	0	0	0	0	0
WDFY1	0	0	0	1	0	0	0	0	0	0	0
WDFY3	0	0	0	1	0	0	0	0	0	0	0
WDFY4	0	0	0	0	0	0	0	0	0	0	0
WDR16	0	0	0	0	0	0	0	0	0	0	0
WDR18	0	0	0	1	0	0	0	0	0	0	0
WDR24	0	0	0	0	0	0	0	0	0	0	0
WDR33	0	0	0	1	0	0	0	0	0	0	0
WDR35	0	0	0	0	0	0	0	0	0	0	0
WDR38	0	0	0	0	0	0	0	0	0	0	0
WDR49	0	0	0	0	0	0	0	0	0	0	0
WDR52	0	0	0	0	0	0	0	0	0	0	1
WDR55	0	0	0	0	0	0	0	0	0	0	0
WDR60	0	0	0	1	0	0	0	0	0	0	0
WDR62	0	0	0	1	0	0	0	0	0	0	0
WDR72	0	0	0	0	0	0	0	0	0	0	1
WDR76	0	0	0	1	0	0	0	0	0	0	0
WDR77	0	0	0	0	0	0	0	0	0	0	0
WDR87	0	0	0	1	0	0	0	0	0	0	0
WDR96	0	0	0	1	0	0	0	0	0	0	0
WHSC1	0	0	0	1	0	0	0	0	0	0	0
WIPF2	0	0	0	0	0	0	0	0	0	0	0
WNK1	0	0	0	0	0	0	0	0	0	0	0
WNK2	0	0	0	0	0	0	0	0	0	0	0
WNT3A	0	0	0	0	1	0	0	0	0	0	0
WNT7B	0	0	1	0	0	0	0	0	0	0	0
WNT8A	0	0	0	0	0	0	0	0	0	0	0
WRNIP1	0	0	0	0	0	0	0	0	0	0	0
WTAP	0	0	0	1	0	0	0	0	0	0	0
WWOX	0	0	1	0	0	0	0	0	0	0	0
WWP2	0	0	0	1	0	0	0	0	0	0	0
XKR5	0	0	0	0	0	0	0	0	0	0	1
XRN1	0	0	0	1	0	0	0	0	0	0	0
XYLT1	0	0	0	0	0	0	0	0	0	0	1
YARS2	0	0	0	0	0	0	0	0	0	0	0
YTHDF1	0	0	0	1	0	0	0	0	0	0	0
ZBED4	0	0	0	0	0	0	0	0	0	0	0
ZBTB16	0	0	0	0	0	0	0	0	0	0	1
ZBTB7B	0	0	1	0	0	0	0	0	0	0	0
ZC3H12D	0	0	0	1	0	0	0	0	0	0	0
ZC3H18	0	0	0	1	0	0	0	0	0	0	0
ZCCHC8	0	0	0	0	0	0	0	0	0	0	0
ZCWPW1	0	0	0	0	0	0	0	0	1	0	0
ZDBF2	1	0	0	0	0	0	0	0	0	0	0
ZDHHC18	0	0	0	0	0	0	0	0	0	0	0
ZDHHC2	0	0	0	1	0	0	0	0	0	0	0
ZFAND5	0	0	0	0	0	0	1	0	0	0	0
ZFHX2	0	0	0	0	0	0	0	0	0	0	0
ZFHX3	0	0	0	0	0	0	0	0	1	0	0
ZFHX4	0	0	0	1	0	0	0	0	0	0	0
ZFR	0	0	0	0	0	0	0	0	0	0	0
ZFR2	0	0	0	1	0	0	0	0	0	0	0
ZFYVE16	0	0	0	1	0	0	0	0	0	0	0
ZGLP1	0	0	0	0	0	0	0	0	0	0	0
ZGRF1	0	0	0	1	0	0	0	0	0	0	0
ZMYM1	0	0	0	1	0	0	0	0	0	0	0
ZMYND15	0	0	0	0	0	0	0	0	0	0	0
ZNF101	0	0	0	1	0	0	0	0	0	0	0
ZNF106	0	1	0	0	0	0	0	0	0	0	0
ZNF124	0	0	0	0	0	0	0	0	0	0	0
ZNF177	0	1	0	0	0	0	0	0	0	0	0
ZNF205	1	0	0	0	0	0	0	0	0	0	0
ZNF217	0	0	0	1	0	0	0	0	0	0	0
ZNF219	0	0	0	1	0	0	0	0	0	0	0
ZNF223	0	0	0	0	1	0	0	0	0	0	0
ZNF229	0	0	0	0	0	0	0	0	0	0	0
ZNF232	0	0	0	1	0	0	0	0	0	0	0
ZNF233	0	0	0	1	0	0	0	0	0	0	0
ZNF236	0	0	0	0	0	0	1	0	0	0	0
ZNF267	0	0	0	0	0	0	0	0	0	0	0
ZNF282	0	0	0	1	0	0	0	0	0	0	0
ZNF292	0	0	0	0	0	1	0	0	0	0	0
ZNF30	0	0	0	0	0	0	0	0	0	0	1
ZNF302	0	0	0	0	0	0	1	0	0	0	0
ZNF311	0	0	0	0	0	0	0	0	0	0	0
ZNF318	0	0	0	1	0	0	0	0	0	0	0
ZNF324B	0	0	0	1	0	0	0	0	0	0	0
ZNF347	0	0	0	1	0	0	0	0	0	0	0
ZNF385D	0	0	0	1	0	0	0	0	0	0	0
ZNF394	0	0	0	0	0	0	0	0	0	0	0
ZNF408	0	0	0	1	0	0	0	0	0	0	0
ZNF410	0	0	0	1	0	0	0	0	0	0	0
ZNF423	0	0	0	1	0	0	0	0	0	0	0
ZNF442	0	0	1	0	0	0	0	0	0	0	0
ZNF445	0	0	0	1	0	0	0	0	0	0	0
ZNF461	0	0	0	1	0	0	0	0	0	0	0
ZNF462	0	0	0	1	0	0	0	0	0	0	0
ZNF467	0	0	0	0	0	0	0	0	0	0	0
ZNF469	0	0	0	1	0	0	0	0	0	0	0
ZNF479	0	0	0	0	0	0	0	0	0	0	0
ZNF48	0	0	0	1	0	0	0	0	0	0	0
ZNF507	0	0	0	0	0	0	0	0	0	0	0
ZNF521	0	0	0	1	0	0	0	0	0	0	0
ZNF532	0	0	0	0	0	0	0	0	0	0	0
ZNF534	0	0	1	0	0	0	0	0	0	0	0
ZNF541	0	0	0	1	0	0	0	0	0	0	0
ZNF556	0	1	0	0	0	0	0	0	0	0	0
ZNF562	0	0	0	1	0	0	0	0	0	0	0
ZNF568	0	0	0	0	0	0	0	0	0	0	0
ZNF569	0	0	0	0	0	0	0	0	0	0	1
ZNF573	0	0	0	0	0	0	0	0	0	0	1
ZNF585A	0	0	0	0	0	0	0	0	0	0	0
ZNF606	0	0	0	0	0	0	0	0	0	0	0
ZNF618	0	0	0	1	0	0	0	0	0	0	0
ZNF652	0	0	0	0	0	0	0	0	0	0	0
ZNF653	0	0	0	1	0	0	0	0	0	0	0
ZNF655	0	0	0	0	0	0	0	0	0	0	0
ZNF665	0	0	0	0	0	0	0	0	0	0	0
ZNF667	0	0	0	1	0	0	0	0	0	0	0
ZNF668	0	0	0	1	0	0	0	0	0	0	0
ZNF670	0	1	0	0	0	0	0	0	0	0	0
ZNF675	0	0	0	0	0	0	0	0	0	0	0
ZNF676	0	0	0	0	0	0	1	0	0	0	0
ZNF677	0	0	0	0	0	0	0	1	0	0	0
ZNF727P	0	0	0	0	0	0	0	0	0	0	0
ZNF729	0	0	0	0	0	0	0	0	0	0	1
ZNF766	0	0	0	0	0	0	0	0	0	0	0
ZNF772	0	0	0	1	0	0	0	0	0	0	0
ZNF777	0	0	0	0	0	0	0	0	1	0	0
ZNF781	0	0	0	0	0	0	0	0	0	0	0
ZNF782	0	0	0	0	0	0	0	0	0	0	0
ZNF793	0	0	0	1	0	0	0	0	0	0	0
ZNF804A	0	0	0	0	0	0	0	0	0	0	1
ZNF804B	0	0	0	0	0	0	0	0	0	0	0
ZNF813	0	0	0	0	1	0	0	0	0	0	0
ZNF831	0	0	0	0	0	0	0	0	0	0	0
ZNF835	0	1	0	0	0	0	1	0	0	0	0
ZNF836	0	0	0	0	0	0	0	0	1	0	0
ZNF839	0	0	0	1	0	0	0	0	0	0	0
ZNF846	0	0	0	0	0	1	0	0	0	0	0
ZNF850	0	0	0	0	0	0	0	0	0	0	0
ZNF862	0	0	0	1	0	0	0	0	0	0	0
ZNF865	0	0	0	0	0	0	0	0	0	0	0
ZNF880	0	0	0	0	0	0	0	0	0	0	0
ZNF883	0	0	0	0	0	0	0	0	0	0	0
ZNF99	0	0	0	0	0	0	0	0	0	0	0
ZNRF1	0	0	0	0	0	0	0	0	1	0	0
ZNRF3	0	0	0	1	0	0	0	0	0	0	0
ZNRF4	0	0	0	0	0	0	0	0	0	0	0
ZP4	0	0	0	0	0	0	0	0	0	0	1
ZSCAN10	0	0	1	0	0	0	0	0	1	0	0
ZSCAN4	0	0	0	1	0	0	0	0	0	0	0
CCNE1_gain	0	0	0	0	0	0	0	0	0	0	0
CDKN2A_loss	0	0	1	0	0	0	0	1	0	1	0
CDKN2B_loss	0	0	1	0	0	0	0	1	0	1	0
EGFR_gain	1	0	1	0	0	0	1	1	1	1	1
ERBB2_gain	0	0	0	0	0	0	0	0	0	0	0
FGFR3_gain	0	0	0	0	0	0	0	0	0	0	0
MDM2_gain	0	0	0	0	0	0	0	0	0	0	0
BAP1_loss	0	0	0	0	1	0	0	0	0	1	0
CDKN1B_loss	0	0	0	0	0	0	0	0	0	0	0
IGF1R_gain	0	0	0	0	0	0	0	1	0	0	0
PTEN_loss	1	0	1	0	0	1	0	1	0	0	1
AURKA_gain	1	0	1	0	1	1	1	1	1	1	1
CCND2_gain	0	0	0	0	1	0	0	0	0	0	0
CCND3_gain	0	0	0	0	0	0	0	0	1	1	0
CDK4_gain	0	0	0	0	1	0	0	0	0	0	0
CDK6_gain	1	0	1	0	0	0	0	0	1	1	1
MDM4_gain	0	1	0	0	1	0	0	0	0	0	0
MET_gain	1	0	1	0	0	0	0	0	1	0	0
FGFR1_gain	0	0	1	0	0	0	0	0	0	0	0
STK11_loss	1	0	0	0	0	0	0	0	1	0	0
FBXW7_loss	1	0	1	0	0	0	0	0	1	1	1
